72.30	0.11	8.03	27040
71.40	0.11	7.95	27064
74.10	0.11	8.28	27088
77.30	0.12	8.96	27112
77.90	0.11	8.71	27136
78.00	0.11	8.39	27160
74.70	0.10	7.71	27184
73.80	0.10	7.61	27207
71.20	0.10	7.34	27232
72.20	0.11	8.05	27255
75.30	0.12	8.72	27279
76.40	0.12	8.85	27303
78.00	0.11	8.72	27327
76.60	0.11	8.23	27351
73.20	0.10	7.55	27375
72.60	0.10	7.49	27399
71.30	0.11	7.65	27423
73.40	0.12	8.48	27447
74.20	0.11	8.29	27470
77.30	0.11	8.64	27495
77.80	0.11	8.37	27518
75.50	0.10	7.80	27542
74.60	0.10	7.70	27567
71.40	0.10	7.36	27590
71.40	0.11	7.67	27614
72.10	0.11	8.04	27638
75.50	0.11	8.44	27662
77.90	0.11	8.71	27686
77.30	0.10	8.00	27710
76.40	0.10	7.90	27734
73.10	0.10	7.54	27758
71.20	0.11	7.63	27782
4.30	13.57	58.36	27806
4.20	13.55	56.90	27832
4.10	13.56	55.58	27856
4.30	13.57	58.34	27881
4.20	13.54	56.89	27907
4.20	13.56	56.94	27931
4.10	13.57	55.63	27957
4.20	13.55	56.90	27981
4.10	13.56	55.58	28006
3.80	13.57	51.58	28032
3.80	13.58	51.61	28056
3.60	13.57	48.85	28081
3.40	13.58	46.16	28106
3.10	13.59	42.14	28131
3.10	13.58	42.09	28156
2.90	13.58	39.39	28181
2.50	13.60	33.99	28206
2.50	13.61	34.02	28231
2.30	13.59	31.26	28256
2.30	13.60	31.29	28280
2.00	13.61	27.22	28306
1.90	13.60	25.83	28331
2.20	13.61	29.94	28356
2.20	13.62	29.96	28381
1.90	13.60	25.83	28405
2.00	13.61	27.22	28431
1.80	13.62	24.51	28455
1.60	13.62	21.79	28480
1.60	13.61	21.78	28506
1.50	13.62	20.43	28530
1.40	13.62	19.07	28556
1.40	13.61	19.06	28580
1.70	13.62	23.15	28605
1.50	13.62	20.43	28631
1.40	13.62	19.07	28655
1.60	13.62	21.79	28680
1.50	13.62	20.43	28705
1.80	13.62	24.52	28730
1.60	13.62	21.79	28755
1.50	13.62	20.44	28780
1.60	13.62	21.80	28805
1.60	13.62	21.79	28830
1.50	13.62	20.43	28855
1.60	13.62	21.80	28879
1.30	13.62	17.71	28905
1.60	13.62	21.79	28930
1.60	13.63	21.81	28955
1.60	13.62	21.80	28980
1.50	13.62	20.44	29004
1.60	13.62	21.80	29030
1.90	13.62	25.89	29054
1.80	13.62	24.52	29079
1.80	13.62	24.52	29105
2.20	13.62	29.97	29129
1.90	13.62	25.87	29155
2.00	13.62	27.24	29179
2.20	13.62	29.96	29204
1.80	13.61	24.50	29230
2.00	13.62	27.24	29254
2.10	13.62	28.59	29279
1.70	13.61	23.14	29304
1.90	13.61	25.86	29329
2.00	13.62	27.23	29355
1.80	13.61	24.50	29379
1.80	13.61	24.49	29404
1.80	13.62	24.51	29429
2.00	13.61	27.22	29454
2.10	13.61	28.58	29478
2.20	13.60	29.92	29504
2.10	13.61	28.59	29529
2.50	13.60	34.00	29554
2.40	13.59	32.61	29579
2.70	13.60	36.72	29603
3.10	13.59	42.12	29629
3.40	13.58	46.16	29654
3.50	13.58	47.55	29678
4.10	13.58	55.66	29704
4.40	13.56	59.65	29728
4.90	13.54	66.35	29754
5.50	13.55	74.52	29778
6.40	13.53	86.58	29803
7.00	13.50	94.50	29829
8.00	13.51	108.07	29854
9.30	13.49	125.48	29880
10.90	13.47	146.77	29907
13.90	13.32	185.17	29934
17.30	13.25	229.15	29962
22.40	13.21	296.00	29988
28.80	13.13	378.17	30016
40.30	12.67	510.68	30043
40.90	12.58	514.36	30069
42.40	12.66	536.96	30097
41.80	12.75	532.88	30124
41.40	12.64	523.30	30151
42.20	12.54	529.03	30178
42.70	12.69	541.79	30204
42.60	12.74	542.74	30232
42.10	12.66	533.00	30259
42.50	12.54	532.96	30286
43.10	12.65	545.31	30313
42.70	12.74	544.01	30340
41.80	12.62	527.69	30367
42.00	12.54	526.86	30394
42.50	12.62	536.53	30422
42.30	12.75	539.25	30448
41.70	12.66	527.76	30475
42.20	12.54	529.20	30502
43.00	12.66	544.56	30529
42.60	12.74	542.74	30557
42.10	12.68	533.84	30583
38.00	12.64	480.47	30610
21.50	13.18	283.33	30638
13.40	13.41	179.69	30664
9.00	13.48	121.29	30691
6.50	13.46	87.47	30715
5.20	13.49	70.16	30740
4.60	13.52	62.19	30766
3.70	13.50	49.97	30790
3.60	13.52	48.67	30816
3.10	13.54	41.97	30840
2.70	13.52	36.52	30865
2.60	13.53	35.18	30891
2.20	13.55	29.81	30915
2.60	13.56	35.27	30940
2.00	13.54	27.08	30965
2.30	13.55	31.17	30990
2.10	13.56	28.48	31015
2.10	13.54	28.44	31040
2.00	13.56	27.11	31065
1.80	13.57	24.42	31090
1.90	13.58	25.80	31115
1.70	13.56	23.05	31139
1.90	13.57	25.78	31165
1.70	13.58	23.09	31190
1.90	13.56	25.76	31215
1.70	13.57	23.07	31240
1.90	13.58	25.81	31264
1.80	13.56	24.40	31290
1.60	13.58	21.72	31314
1.40	13.58	19.02	31339
1.60	13.59	21.75	31365
1.60	13.57	21.72	31389
1.80	13.58	24.44	31415
1.80	13.59	24.47	31439
1.50	13.58	20.36	31464
1.80	13.58	24.44	31490
1.60	13.59	21.75	31514
1.40	13.60	19.03	31539
1.60	13.58	21.73	31564
1.50	13.59	20.38	31589
1.50	13.60	20.40	31614
1.60	13.58	21.73	31639
1.40	13.59	19.03	31664
1.50	13.60	20.41	31689
1.60	13.58	21.73	31714
1.70	13.59	23.11	31738
1.50	13.60	20.40	31764
1.40	13.60	19.05	31789
1.40	13.59	19.03	31814
1.60	13.60	21.76	31839
1.40	13.60	19.05	31863
1.80	13.59	24.47	31889
1.40	13.60	19.04	31913
1.50	13.60	20.41	31938
1.60	13.61	21.77	31964
1.60	13.60	21.76	31988
1.40	13.60	19.05	32014
1.50	13.61	20.41	32038
1.70	13.60	23.12	32063
1.80	13.60	24.48	32089
1.70	13.60	23.13	32113
1.70	13.60	23.13	32138
1.60	13.60	21.76	32163
1.60	13.60	21.76	32188
1.60	13.60	21.76	32214
2.00	13.60	27.19	32238
2.00	13.60	27.20	32263
1.90	13.60	25.84	32288
2.10	13.60	28.55	32313
2.20	13.60	29.92	32337
2.10	13.60	28.56	32363
1.90	13.60	25.83	32388
1.80	13.60	24.47	32413
2.10	13.60	28.56	32438
1.80	13.60	24.47	32462
1.80	13.60	24.47	32488
2.00	13.60	27.19	32513
1.80	13.60	24.47	32537
1.90	13.59	25.83	32563
1.90	13.60	25.84	32587
2.10	13.60	28.55	32613
1.60	13.59	21.75	32637
2.00	13.60	27.19	32662
1.90	13.60	25.83	32688
1.70	13.59	23.11	32712
2.00	13.58	27.17	32737
1.80	13.60	24.47	32762
1.90	13.59	25.83	32787
2.00	13.58	27.17	32813
2.20	13.59	29.90	32837
2.20	13.58	29.89	32862
2.50	13.58	33.94	32887
2.50	13.56	33.91	32912
3.00	13.58	40.73	32936
3.10	13.57	42.06	32962
3.10	13.56	42.02	32987
3.80	13.57	51.56	33012
3.90	13.56	52.87	33037