0.12    76.10
0.12    76.60
0.12    77.70
0.12    75.70
0.12    76.60
0.12    77.50
0.12    75.80
0.13    77.00
0.12    77.50
0.12    78.40
0.12    76.90
0.12    77.60
0.12    78.40
0.12    76.50
0.11    77.30
0.12    78.20
0.12    79.20
0.11    77.60
0.12    78.70
0.12    79.10
0.11    77.60
0.12    78.50
0.11    79.00
0.11    79.80
0.12    78.90
0.12    79.40
0.12    79.60
0.12    78.60
0.12    79.10
0.12    79.60
0.11    78.60
0.12    79.10
0.11    79.50
0.11    80.00
0.12    78.90
0.11    79.50
0.11    79.70
0.11    79.10
0.11    79.70
0.11    79.70
0.11    79.70
13.14   3.30
13.16   3.30
13.16   3.40
13.12   3.40
13.09   3.40
13.07   3.50
13.07   3.50
13.09   3.40
13.12   3.40
13.14   3.30
13.16   3.30
13.14   3.30
13.12   3.40
13.06   3.30
13.06   3.40
13.07   3.20
13.12   3.20
13.15   2.90
13.16   3.00
13.16   3.20
13.12   3.20
13.09   3.00
13.07   3.10
13.08   3.00
13.10   3.00
13.12   3.10
13.16   2.90
13.16   2.80
13.15   2.70
13.09   2.50
13.08   2.60
13.07   2.40
13.08   2.50
13.14   2.20
13.16   1.90
13.18   2.00
13.15   1.90
13.13   1.80
13.11   1.60
13.08   1.90
13.10   1.50
13.12   1.70
13.15   1.50
13.18   1.70
13.18   1.70
13.16   1.40
13.10   1.50
13.09   1.60
13.08   1.50
13.12   1.30
13.16   1.70
13.17   1.40
13.18   1.40
13.16   1.40
13.13   1.60
13.11   1.50
13.08   1.60
13.10   1.60
13.12   1.70
13.18   1.40
13.18   1.60
13.18   1.60
13.12   1.40
13.10   1.50
13.08   1.30
13.10   1.70
13.13   1.60
13.15   1.40
13.17   1.20
13.17   1.60
13.16   1.50
13.13   1.60
13.08   1.40
13.09   1.30
13.10   1.60
13.16   1.70
13.18   1.50
13.18   1.80
13.14   1.70
13.12   1.60
13.09   1.60
13.08   1.90
13.10   1.80
13.12   2.00
13.14   2.00
13.17   2.00
13.16   2.10
13.14   2.10
13.08   2.30
13.07   2.30
13.07   2.30
13.12   2.50
13.14   3.00
13.14   2.70
13.14   2.60
13.10   2.90
13.06   3.20
13.04   3.00
13.02   3.50
13.04   3.60
13.06   3.70
13.11   3.80
13.11   3.80
13.09   4.40
13.03   4.30
13.00   4.70
12.99   5.20
12.99   5.30
13.04   5.60
13.05   6.00
13.06   6.50
13.04   6.60
13.01   7.20
12.98   7.60
12.93   8.20
12.96   8.80
13.01   9.20
12.96   9.50
12.89   10.30
12.95   10.90
12.97   11.50
12.85   12.10
12.94   13.00
12.88   14.60
12.81   15.40
12.88   16.50
12.78   16.70
12.82   16.80
12.88   15.80
12.78   15.60
12.89   15.50
12.86   15.30
12.78   15.50
12.91   15.40
12.81   15.10
12.81   15.50
12.89   15.20
12.79   15.30
12.85   15.40
12.85   16.00
12.69   20.80
12.30   40.70
12.10   41.40
12.08   42.10
12.25   42.20
12.04   41.90
12.15   42.30
12.23   41.90
12.03   41.80
12.21   42.30
12.18   41.80
12.08   42.30
12.25   42.30
12.11   41.50
12.15   42.50
12.23   41.90
12.05   41.70
12.21   42.30
12.27   39.30
12.07   41.30
12.32   38.80
12.67   21.70
12.78   15.90
12.95   12.50
12.89   10.10
12.96   8.60
13.04   7.70
13.00   6.60
12.98   6.20
12.97   5.60
13.00   5.20
13.03   5.00
13.09   4.60
13.09   4.80
13.08   4.50
13.07   4.70
13.00   4.70
12.99   4.60
12.99   4.70
13.04   4.70
13.06   4.70
13.08   4.50
13.08   4.70
13.06   4.50
13.04   4.30
13.00   3.90
13.00   3.70
13.02   3.40
13.05   3.30
13.10   3.10
13.11   3.10
13.10   2.70
13.05   2.70
13.03   2.50
13.02   2.60
13.05   2.40
13.08   2.40