0.10    77.50
0.10    76.50
0.10    75.50
0.10    77.20
0.10    76.50
0.10    75.70
0.10    74.70
0.10    76.30
0.10    75.80
0.10    75.00
0.10    76.70
0.10    76.00
0.10    75.00
0.10    74.10
0.11    76.00
0.10    74.90
0.10    74.10
0.10    76.00
0.10    75.20
0.10    74.20
0.10    76.20
0.10    75.50
0.10    74.70
0.10    73.60
0.10    74.10
0.10    72.90
0.10    72.60
12.69   1.50
12.70   1.50
12.73   1.30
12.76   1.40
12.79   1.50
12.78   1.80
12.76   1.50
12.70   1.50
12.69   1.60
12.69   1.40
12.71   1.60
12.77   1.40
12.79   1.40
12.79   1.60
12.75   1.60
12.72   1.30
12.70   1.40
12.70   1.30
12.72   1.40
12.74   1.60
12.76   1.50
12.78   1.30
12.77   1.60
12.74   1.50
12.69   1.40
12.69   1.30
12.70   1.40
12.75   1.40
12.77   1.50
12.78   1.50
12.78   1.30
12.73   1.30
12.71   1.40
12.69   1.40
12.70   1.40
12.73   1.50
12.75   1.30
12.79   1.50
12.78   1.20
12.76   1.40
12.74   1.40
12.69   1.60
12.69   1.40
12.70   1.50
12.76   1.50
12.78   1.20
12.79   1.30
12.75   1.40
12.72   1.30
12.70   1.40
12.68   1.40
12.71   1.40
12.74   1.40
12.76   1.50
12.78   1.80
12.77   1.50
12.75   1.50
12.72   1.50
12.68   1.70
12.70   1.70
12.72   1.50
12.78   1.50
12.79   1.80
12.79   1.70
12.74   1.50
12.72   1.80
12.70   1.80
12.69   1.80
12.72   1.70
12.75   1.90
12.78   1.70
12.78   2.00
12.76   2.00
12.74   1.70
12.69   2.10
12.69   2.00
12.70   2.10
12.76   2.00
12.78   2.40
12.79   2.30
12.78   2.50
12.72   2.60
12.70   2.30
12.68   2.60
12.70   2.70
12.72   2.50
12.74   2.80
12.78   2.90
12.76   3.10
12.74   3.10
12.71   3.20
12.66   3.40
12.66   3.40
12.68   3.70
12.74   3.50
12.76   3.70
12.76   3.70
12.72   3.40
12.69   3.50
12.67   3.50
12.66   3.50
12.69   3.40
12.72   3.40
12.74   3.70
12.76   3.50
12.75   3.30
12.72   3.60
12.66   3.40
12.66   3.40
12.66   3.90
12.67   4.00
12.73   4.50
12.74   4.60
12.74   4.90
12.68   5.40
12.64   5.80
12.62   6.30
12.62   7.00
12.62   7.90
12.64   8.70
12.66   9.80
12.55   11.30
12.50   13.70
12.54   16.60
12.35   19.80
12.31   25.50
12.00   38.50
11.80   39.50
11.92   41.50
11.88   40.60
11.79   41.10
11.95   41.10
11.81   40.60
11.86   41.60
11.93   41.00
11.75   40.80
11.92   41.60
11.88   41.00
11.74   41.00
11.95   41.10
11.81   40.80
11.78   41.20
11.93   41.00
11.75   40.80
11.85   41.50
11.88   40.70
11.74   41.10
11.92   41.50
11.81   41.10
11.78   41.40
11.94   41.30
11.75   40.70
11.85   41.30
11.93   41.30
11.74   40.90
11.91   41.30
11.88   40.90
11.74   41.50
11.94   41.40
11.81   40.90
11.78   41.40
11.93   41.20
11.76   40.60
11.84   41.30
11.92   39.80
12.17   25.70
12.52   16.10
12.56   10.50
12.59   8.40
12.68   6.90
12.72   5.80
12.72   5.40
12.70   4.80
12.65   4.20
12.65   4.00
12.66   3.80
12.68   3.80
12.74   3.70
12.75   3.80
12.76   3.60
12.71   3.70
12.68   3.30
12.66   3.50
12.67   3.90
12.68   3.90
12.71   3.80
12.74   3.40
12.76   3.50
12.74   3.30
12.72   3.40
12.66   3.20
12.66   2.90
12.68   3.00
12.74   2.70
12.76   2.50
12.78   2.50
12.75   2.20
12.73   2.40
12.70   2.00
12.68   2.10
12.69   2.00
12.72   2.00
12.74   2.10
12.78   2.20
12.78   2.00
12.76   2.00
12.70   2.00
12.68   1.80
12.68   2.10
12.70   1.90
12.75   1.90
12.77   2.00
12.78   1.80
12.75   1.70
12.73   2.00
12.70   2.00
12.68   1.90
12.70   1.90
12.72   2.00
12.75   1.90
12.78   2.00
12.78   1.80
12.76   1.80
12.70   1.90
12.69   1.80
12.68   1.40
12.74   1.50
12.76   1.50
12.78   1.50
12.79   1.40
12.75   1.50
12.73   1.50
12.70   1.70
12.69   1.50
12.71   1.50
12.73   1.60
12.79   1.50
12.79   1.30
12.78   1.50
12.75   1.50
12.70   1.50
12.69   1.40
12.69   1.50
12.74   1.30
12.76   1.50
12.78   1.70
12.77   1.60
12.74   1.40
12.72   1.60
12.69   1.40
12.69   1.40
12.71   1.60
12.74   1.60
12.78   1.50
12.78   1.60
12.77   1.30
12.71   1.30
12.70   1.60
12.69   1.30
12.69   1.50
12.74   1.50
12.76   1.70
12.78   1.30
12.77   1.30
12.74   1.50
12.72   1.50
12.68   1.40
12.69   1.60
12.71   1.90
12.73   1.80
12.78   1.90
12.77   1.80
12.76   1.90
12.70   2.10
12.68   2.00
12.68   1.80
12.72   2.00
12.74   2.00
12.77   2.10
12.78   2.10
12.76   2.00
12.73   1.90
12.70   2.10
12.68   1.90
12.69   1.80
12.70   2.20
12.76   2.40
12.76   2.60
12.76   2.90
12.73   3.50
12.66   4.00
12.63   4.70
12.62   4.60
12.67   4.90
12.69   5.10
12.71   5.30
12.72   5.00
12.70   5.10
12.67   5.20
12.65   5.10
12.62   5.00
12.64   5.30
12.66   5.10
12.72   5.20
12.73   5.00
12.72   5.40
12.65   5.80
12.60   7.10
12.56   8.70
12.52   12.40
12.40   22.30
11.79   39.30
11.86   41.40
11.85   41.00
11.74   41.00
11.92   41.40
11.78   40.50
11.79   41.00
11.94   41.30
11.74   40.80
11.86   41.60
11.92   41.00
11.74   41.10
11.92   41.60
11.86   40.60
11.79   41.50
11.94   41.10
11.79   40.70
11.78   41.50
11.92   41.20
11.78   39.50
11.93   39.40
12.34   22.30
12.38   17.20
12.55   14.00
12.53   11.20
12.56   9.60
12.65   8.60
12.64   7.90
12.62   7.50
12.59   7.60
12.58   7.70
12.59   7.50
12.62   8.00
12.68   7.70
12.66   8.00
12.59   7.70
12.58   7.60
12.60   7.10
12.63   7.00
12.67   6.00
12.72   5.30
12.72   4.60
12.71   3.90
12.66   3.80
12.64   3.30
12.65   3.20
12.66   3.60
12.72   3.20
12.74   3.50
12.75   3.40
12.72   3.60
12.69   3.30
12.67   3.30
12.65   3.30
12.67   3.40
12.70   3.20
12.72   3.00
12.76   2.70
12.75   2.70
12.74   2.30
12.68   2.20
12.67   2.10
12.67   1.90
12.72   2.00
12.75   1.90
12.77   1.90
12.77   1.90
12.73   2.10
12.70   1.80
12.68   2.10
12.68   1.90
12.69   1.70
12.72   1.70
12.75   1.90
12.77   2.20
12.75   2.00
12.74   1.70
12.68   1.80
12.67   1.80
12.68   1.50
12.74   1.60
12.76   1.50
12.78   1.50
12.78   1.20
12.74   1.30
12.71   1.40
12.69   1.50
12.69   1.40
12.71   1.40
12.73   1.50
12.78   1.40
12.78   1.40
12.76   1.50
12.74   1.40
12.68   1.10
12.68   1.40
12.69   1.60
12.75   1.40
12.77   1.40
12.78   1.50
12.76   1.50
12.73   1.40
12.71   1.40
12.69   1.60
12.70   1.50
12.72   1.70
12.74   1.40
12.78   1.60
12.77   1.70
12.76   1.90
12.69   1.70
12.67   1.90
12.67   2.10
12.68   2.10
12.74   2.00
12.76   2.30
12.77   2.00
12.74   2.20
12.72   2.10
12.69   2.30
12.66   2.40
12.68   2.60
12.70   2.30
12.76   2.00
12.77   2.30
12.76   2.20
12.74   2.30
12.68   2.20
12.67   2.10
12.67   2.30
12.72   2.10
12.74   2.20
12.76   2.20
12.76   2.60
12.72   2.60
12.69   3.00
12.66   3.40
12.65   3.30
12.67   3.60
12.69   3.80
12.74   3.60
12.74   3.90
12.73   4.10
12.70   4.20
12.64   4.10
12.63   4.30
12.64   4.60
12.69   4.70
12.71   5.00
12.72   5.20
12.69   5.60
12.66   6.40
12.62   7.10
12.58   7.90
12.57   8.10
12.64   8.00
12.67   8.20
12.59   7.90
12.57   7.90
12.56   8.40
12.64   8.40
12.67   8.30
12.62   8.00
12.56   8.20
12.63   8.00
12.67   7.90
12.62   8.50
12.53   10.20
12.57   13.30
12.46   18.00
12.17   28.70
11.98   40.00
11.88   40.40
11.85   41.60
11.93   40.90
11.75   41.10
11.91   41.40
11.88   40.80
11.74   41.00
11.94   41.40
11.81   40.90
11.77   41.20
11.93   41.10
11.75   40.80
11.84   41.50
11.93   40.90
11.74   41.00
11.91   41.40
11.88   40.70
11.78   41.30
11.94   41.40
11.82   40.90
11.90   39.50
12.01   37.10
12.39   17.50
12.60   11.20
12.63   8.50
12.59   6.70
12.61   5.80
12.65   5.20
12.68   4.60
12.73   4.30
12.74   4.00
12.72   3.60
12.70   3.20
12.65   3.30
12.65   3.10
12.66   3.00
12.72   3.30
12.74   3.20
12.75   3.00
12.72   3.20
12.70   3.10
12.67   2.90
12.66   3.10
12.67   3.00
12.69   3.20
12.72   3.00
12.75   2.70
12.74   3.00
12.73   2.80
12.70   2.60
12.66   2.60
12.66   2.70
12.67   2.70
12.74   2.30
12.76   2.20
12.76   2.10
12.73   2.10
12.70   2.00
12.68   1.80
12.67   1.80
12.69   1.70
12.72   1.70
12.74   1.60
12.77   1.60
12.76   1.60
12.74   1.50
12.68   1.20
12.67   1.30
12.68   1.40
12.70   1.40
12.76   1.50
12.77   1.40
12.77   1.20
12.73   1.40
12.70   1.30
12.68   1.60
12.67   1.40
12.70   1.60
12.73   1.70
12.75   1.50
12.76   1.40