0.11    77.20
0.11    76.30
0.11    75.60
0.11    77.00
0.10    76.00
0.10    75.20
0.10    77.10
0.10    76.40
0.10    75.60
0.10    74.50
0.10    76.00
0.10    75.00
0.10    74.20
0.10    75.90
0.10    75.00
0.10    74.70
0.11    73.80
0.11    75.00
0.10    74.60
0.11    73.90
0.10    75.10
0.10    74.40
0.10    73.60
0.10    75.10
0.10    74.30
0.12    73.50
12.56    1.20
12.55    1.50
12.56    1.30
12.59    1.50
12.64    1.30
12.64    1.50
12.64    1.40
12.62    1.40
12.56    1.40
12.54    1.10
12.54    1.40
12.59    1.60
12.62    1.70
12.64    1.50
12.64    1.40
12.61    1.80
12.59    1.50
12.54    1.70
12.55    1.50
12.56    1.50
12.58    1.50
12.64    1.50
12.64    1.50
12.64    1.30
12.58    1.50
12.56    1.40
12.54    1.40
12.57    1.40
12.59    1.30
12.62    1.30
12.64    1.30
12.63    1.20
12.61    1.40
12.58    1.70
12.54    1.60
12.54    1.60
12.56    1.80
12.62    1.60
12.64    1.60
12.64    1.80
12.63    1.70
12.57    1.70
12.55    1.80
12.54    1.50
12.56    1.80
12.59    2.00
12.61    1.80
12.64    1.70
12.63    1.50
12.60    1.90
12.58    1.70
12.54    1.60
12.54    1.60
12.56    1.60
12.62    1.80
12.63    1.80
12.64    1.70
12.59    1.60
12.56    1.90
12.54    1.80
12.54    1.80
12.56    1.90
12.58    2.20
12.60    2.10
12.63    2.30
12.61    2.40
12.59    2.50
12.53    2.20
12.52    2.30
12.53    2.40
12.58    2.50
12.61    2.40
12.62    2.50
12.62    2.40
12.58    2.40
12.56    2.60
12.53    2.70
12.53    2.70
12.54    2.70
12.57    3.00
12.61    3.20
12.60    3.60
12.58    3.90
12.52    3.80
12.49    4.60
12.48    4.80
12.47    5.90
12.51    6.40
12.53    7.30
12.54    7.50
12.51    8.10
12.42    8.40
12.40    9.80
12.47    11.30
12.38    14.10
12.21    19.10
12.13    29.80
11.70    38.90
11.72    40.40
11.80    40.30
11.62    40.20
11.73    41.00
11.80    40.10
11.62    40.40
11.79    40.80
11.74    40.20
11.66    40.90
11.82    40.20
11.68    40.20
11.73    40.90
11.80    40.40
11.62    40.20
11.78    40.80
11.74    40.40
11.61    40.50
11.81    40.60
11.68    40.20
11.65    40.70
11.80    40.60
11.62    40.00
11.72    41.00
11.75    40.20
11.62    40.30
11.78    41.00
11.68    40.10
11.65    41.20
11.81    41.00
11.62    40.20
11.71    41.00
11.81    40.70
11.61    40.50
11.78    40.90
11.81    38.50
12.14    22.10
12.44    13.10
12.43    9.90
12.44    7.60
12.48    6.80
12.52    6.00
12.56    5.60
12.57    5.40
12.55    5.20
12.53    5.30
12.47    5.40
12.47    5.40
12.48    5.10
12.54    5.20
12.57    5.10
12.58    5.40
12.58    5.00
12.53    4.90
12.51    4.20
12.50    3.70
12.52    3.40
12.54    3.20
12.58    2.90
12.62    2.90
12.62    2.20
12.60    2.40
12.57    2.40
12.52    2.10
12.52    2.30
12.54    2.00
12.60    2.10
12.62    2.10
12.62    1.70
12.60    1.90
12.57    2.00
12.54    1.80
12.53    2.20
12.54    1.80
12.57    2.00
12.60    2.20
12.63    2.20
12.62    2.20
12.60    1.90
12.54    1.90
12.53    2.00
12.53    1.80
12.54    1.80
12.61    1.80
12.62    1.90
12.63    1.70
12.60    1.40
12.57    1.40
12.55    1.60
12.54    1.70
12.56    1.50
12.58    1.50
12.61    1.40
12.64    1.50
12.62    1.50
12.61    1.60
12.54    1.50
12.54    1.60
12.54    1.50
12.60    1.20
12.62    1.40
12.64    1.30
12.64    1.40
12.60    1.30
12.56    1.30
12.55    1.50
12.54    1.60
12.56    1.50
12.58    1.40
12.63    1.50
12.63    1.50
12.62    1.00
12.60    1.40
12.54    1.50
12.54    1.40
12.54    1.40
12.60    1.60
12.62    1.50
12.63    1.30
12.62    1.50
12.59    1.30
12.56    1.50
12.54    1.70
12.54    1.50
12.56    1.60
12.59    1.40
12.63    1.50
12.63    1.60
12.61    1.60
12.55    1.40
12.54    1.40
12.53    1.30
12.54    1.70
12.60    1.50
12.62    1.60
12.63    1.40
12.63    1.60
12.58    1.50
12.55    1.50
12.53    1.60
12.55    1.50
12.58    1.70
12.60    1.60
12.62    1.40
12.62    1.80
12.60    1.70
12.57    1.90
12.53    1.70
12.53    1.40
12.56    1.80
12.58    1.80
12.63    1.80
12.62    1.60
12.61    2.10
12.55    1.90
12.53    2.10
12.52    2.20
12.53    1.90
12.58    2.10
12.60    2.20
12.62    2.30
12.60    2.30
12.57    2.50
12.54    2.60
12.52    2.60
12.53    2.30
12.55    2.50
12.58    2.90
12.62    2.60
12.61    2.60
12.59    2.70
12.56    2.40
12.51    2.70
12.51    2.60
12.53    2.50
12.59    2.60
12.61    2.80
12.62    2.40
12.61    2.50
12.55    2.60
12.52    2.90
12.51    3.00
12.53    3.30
12.55    3.50
12.57    3.80
12.59    4.00
12.57    4.60
12.54    5.00
12.51    5.20
12.46    5.40
12.46    5.70
12.48    5.80
12.55    6.00
12.56    6.30
12.56    6.20
12.54    6.10
12.47    6.60
12.44    7.50
12.42    8.00
12.46    8.50
12.51    8.70
12.50    8.90
12.42    9.10
12.42    9.10
12.49    9.30
12.50    9.10
12.40    8.90
12.41    9.20
12.48    9.20
12.48    9.30
12.41    9.30
12.40    9.10
12.46    9.10
12.50    9.10