0.13    80.70
0.12    78.90
0.12    79.50
0.12    77.80
0.12    78.70
0.12    79.60
0.12    80.20
0.15    79.00
0.13    76.70
0.13    77.70
0.12    76.00
0.12    76.70
0.12    77.80
0.12    78.80
0.12    76.90
0.12    77.90
0.12    78.40
0.12    76.90
0.12    77.90
0.12    78.90
12.45   1.20
12.42   1.50
12.39   1.50
12.37   1.40
12.35   1.50
12.37   1.40
12.40   1.50
12.45   1.50
12.45   1.20
12.44   1.10
12.38   1.60
12.36   1.20
12.35   1.50
12.35   1.40
12.40   1.30
12.43   1.50
12.45   1.40
12.44   1.30
12.41   1.40
12.39   1.50
12.35   1.50
12.36   1.30
12.38   1.50
12.44   1.60
12.45   1.50
12.45   1.50
12.44   1.30
12.38   1.50
12.36   1.40
12.35   1.40
12.38   1.30
12.41   1.40
12.43   1.30
12.45   1.50
12.43   1.40
12.41   1.30
12.36   1.50
12.34   1.20
12.36   1.50
12.38   1.60
12.44   1.50
12.44   1.60
12.44   1.50
12.40   1.90
12.37   2.10
12.35   1.80
12.36   1.70
12.38   1.80
12.40   1.80
12.44   1.60
12.44   2.00
12.42   1.90
12.40   1.90
12.34   1.80
12.34   1.70
12.35   1.90
12.41   1.80
12.43   1.80
12.44   1.90
12.41   1.90
12.39   2.10
12.36   1.50
12.34   1.70
12.36   1.90
12.38   2.00
12.40   2.10
12.44   2.10
12.43   2.40
12.41   2.60
12.34   2.30
12.34   2.30
12.33   2.30
12.38   2.70
12.40   2.50
12.42   2.70
12.42   2.50
12.40   2.60
12.37   2.20
12.35   2.30
12.33   2.50
12.35   2.40
12.38   2.50
12.43   2.50
12.43   2.40
12.42   2.60
12.36   3.00
12.33   3.30
12.31   3.90
12.33   4.00
12.35   4.50
12.36   5.50
12.37   6.30
12.35   6.70
12.32   7.00
12.29   7.20
12.25   7.20
12.26   7.00
12.28   7.00
12.34   7.10
12.36   7.00
12.36   7.00
12.32   7.00
12.28   7.00
12.26   6.80
12.25   7.00
12.27   8.20
12.31   9.60
12.27   11.90
12.09   15.80
12.00   26.20
11.62   38.30
11.51   40.10
11.66   40.00
11.53   39.60
11.57   40.50
11.64   39.80
11.47   39.40
11.63   40.00
11.59   39.50
11.45   40.10
11.66   40.10
11.52   39.40
11.49   40.10
11.64   39.90
11.50   38.70
12.03   20.30
12.22   12.50
12.20   9.60
12.28   7.80
12.36   6.70
12.38   6.20
12.36   6.00
12.30   6.30
12.28   6.00
12.26   5.90
12.26   6.20
12.32   6.20
12.35   6.30
12.37   5.90
12.37   5.60
12.35   5.40
12.33   4.90
12.30   4.50
12.30   4.00
12.34   3.40
12.40   3.20
12.42   2.90
12.42   2.60
12.42   2.60
12.36   2.50
12.34   2.80
12.32   2.50
12.36   2.50
12.38   2.60
12.40   2.70
12.42   2.40
12.41   2.50
12.39   2.90
12.33   2.60
12.33   2.40
12.34   2.30
12.36   2.10
12.42   2.20
12.44   1.90
12.44   1.90
12.40   1.80
12.37   1.70
12.35   1.90
12.35   1.90
12.37   1.70
12.40   1.70
12.44   1.70
12.44   1.70
12.42   2.00
12.40   1.90
12.35   1.70
12.34   1.50
12.35   1.40
12.41   1.20
12.44   1.70
12.44   1.20
12.42   1.60
12.40   1.40
12.37   1.50
12.35   1.10
12.36   1.50
12.38   1.50
12.40   1.30
12.44   1.50
12.44   1.10
12.42   1.40
12.36   1.30
12.35   1.50
12.34   1.30
12.35   1.30
12.41   1.40
12.44   1.40
12.44   1.70
12.42   1.30
12.39   1.10
12.36   1.40
12.35   1.50
12.36   1.40
12.38   1.50
12.44   1.50
12.44   1.40
12.44   1.50
12.42   1.30
12.36   1.20
12.34   1.30
12.34   1.50
12.39   1.40
12.41   1.40
12.44   1.40
12.43   1.60
12.41   1.40
12.38   1.50
12.34   1.50
12.34   1.70
12.36   1.70
12.38   1.70
12.43   2.00
12.44   1.90
12.43   1.90
12.38   1.80
12.35   1.80
12.34   1.70
12.36   1.80
12.38   1.80
12.41   1.70
12.43   1.90
12.43   1.50
12.40   1.60
12.38   1.60
12.34   1.90
12.34   2.00
12.35   2.20
12.41   2.20
12.42   2.40
12.43   2.60
12.39   2.20
12.36   2.50
12.34   2.40
12.32   2.50
12.35   2.40
12.37   2.30
12.40   2.50
12.42   2.70
12.41   2.50
12.39   2.40
12.33   2.20
12.32   2.60
12.32   2.30
12.38   2.50
12.41   2.30
12.42   2.50
12.42   3.00
12.38   3.10
12.34   3.60
12.31   4.30
12.29   4.70
12.31   5.00
12.33   5.00
12.38   5.00
12.38   5.20
12.37   5.30
12.34   4.90
12.28   4.90
12.28   5.10
12.28   5.00
12.34   5.20
12.36   5.30
12.38   5.00
12.36   5.50
12.32   6.20
12.26   7.90
12.18   10.60
12.17   15.90
11.99   25.00
11.51   38.60
11.64   40.00
11.54   39.60
11.47   40.20
11.64   39.80
11.47   39.50
11.52   40.20
11.60   39.60
11.44   39.70
11.58   40.10
11.53   39.80
11.46   39.90
11.63   39.80
11.48   39.40
11.52   40.20
11.64   39.70
11.45   39.80
11.58   40.10
11.61   39.50
11.46   39.70
11.63   40.10
11.55   39.50
11.51   40.30
11.64   40.10
11.48   39.80
11.58   40.50
11.61   40.00
11.45   39.60
11.63   40.20
11.56   39.60
11.45   40.00
11.64   40.10
11.48   39.50
11.50   40.40
11.61   39.80
11.44   39.70
11.56   40.20
11.55   39.50
11.45   39.90
11.62   40.30
11.48   39.30
11.49   40.10
11.64   40.20
11.44   39.60
11.56   40.30
11.62   40.00
11.44   40.10
11.62   40.10
11.56   39.60
11.49   40.00
11.63   40.10
11.48   39.70
11.54   39.30
11.67   37.80
11.92   22.30
12.09   18.40
12.09   18.00
12.02   18.10
12.13   18.30
12.05   18.40
12.05   18.40
12.14   18.50
12.02   18.00
12.09   18.30
12.14   17.50
12.08   15.00
12.23   12.90
12.24   10.60
12.22   9.30
12.30   8.70
12.32   8.00
12.27   7.50
12.25   7.00
12.25   6.20
12.25   6.10
12.31   5.60
12.34   5.50
12.36   5.40
12.36   5.30
12.34   5.20
12.32   5.00
12.27   4.70
12.27   4.90
12.30   4.60
12.32   4.50
12.39   4.30
12.39   4.00
12.39   3.90
12.34   3.70
12.31   3.70
12.30   4.00
12.32   3.50
12.35   3.40
12.38   3.80
12.40   3.60
12.39   3.50
12.37   3.60
12.34   3.70
12.30   3.50
12.30   3.20
12.32   3.50
12.38   3.60
12.40   3.60
12.40   3.40
12.40   3.50
12.34   3.60
12.31   3.30
12.30   3.70
12.33   3.20
12.35   3.40
12.38   3.30
12.41   3.10
12.40   2.90
12.38   2.90
12.36   2.60
12.31   2.60
12.32   2.40
12.34   2.60
12.40   2.10
12.42   2.30
12.43   1.90
12.38   1.90
12.36   1.80
12.34   2.00
12.32   2.10
12.36   1.60
12.38   1.60
12.41   1.70
12.43   1.90
12.41   1.70
12.39   1.80
12.33   1.90
12.32   1.90
12.34   1.70
12.35   1.80
12.41   1.80
12.43   1.80
12.43   1.60
12.38   1.70
12.36   1.90
12.34   1.90
12.34   1.90
12.36   2.10
12.39   1.60
12.41   1.90
12.43   1.90
12.42   1.80
12.39   1.50
12.33   1.50
12.33   1.70
12.34   1.70
12.40   1.70
12.42   1.60
12.44   1.60
12.43   1.40
12.38   1.90
12.36   1.30
12.34   1.50
12.35   1.50
12.37   1.60
12.40   1.50
12.43   1.50
12.43   1.40
12.41   1.40
12.39   1.30
12.34   1.50
12.34   1.20
12.35   1.30
12.40   1.50
12.42   1.60
12.44   1.70
12.40   1.30
12.38   1.30
12.36   1.60
12.34   1.30
12.35   1.50
12.37   1.70
12.40   1.60
12.44   1.30
12.43   1.40
12.41   1.50
12.35   1.50
12.34   1.30
12.34   1.50
12.35   1.40
12.41   1.40
12.42   1.40
12.43   1.50
12.40   1.30
12.38   1.10
12.35   1.30
12.34   1.30
12.36   1.30
12.38   1.40
12.40   1.60
12.43   1.20
12.42   1.50
12.40   1.40
12.34   1.50
12.33   1.60
12.33   1.50
12.39   1.40
12.41   1.40