0.12    75.60
0.12    74.90
0.12    75.10
0.12    75.60
0.11    75.10
0.11    75.20
0.11    75.40
0.11    75.20
0.11    75.10
0.11    75.10
0.12    75.10
0.11    75.00
0.12    75.50
0.12    75.90
0.12    75.20
0.12    75.80
0.12    75.90
0.12    75.20
0.11    75.50
0.12    75.80
0.12    76.60
0.12    75.60
0.12    76.00
0.12    76.80
0.12    75.40
0.12    76.00
0.12    76.60
0.12    75.40
0.12    76.20
12.34   1.50
12.32   1.50
12.27   1.40
12.26   1.40
12.28   1.40
12.34   1.40
12.36   1.40
12.37   1.30
12.36   1.40
12.31   1.40
12.28   1.40
12.27   1.10
12.29   1.30
12.31   1.20
12.34   1.30
12.37   1.50
12.36   1.40
12.34   1.30
12.32   1.30
12.27   1.30
12.27   1.50
12.28   1.40
12.34   1.30
12.36   1.60
12.37   1.40
12.34   1.40
12.31   1.20
12.28   1.80
12.27   1.60
12.28   1.50
12.31   1.70
12.34   1.40
12.37   1.30
12.36   1.30
12.34   1.30
12.28   1.50
12.27   1.60
12.27   1.40
12.32   1.50
12.34   1.50
12.37   1.30
12.37   1.40
12.34   1.50
12.31   1.30
12.28   1.30
12.27   1.50
12.29   1.00
12.32   1.40
12.36   1.00
12.37   1.60
12.36   1.50
12.34   1.30
12.28   1.50
12.27   1.40
12.27   1.40
12.32   1.40
12.35   1.70
12.36   1.60
12.36   1.30
12.34   1.30
12.31   1.30
12.27   1.60
12.27   1.10
12.29   1.40
12.32   1.50
12.37   1.30
12.37   1.40
12.36   1.40
12.30   1.50
12.28   1.10
12.26   1.40
12.30   1.50
12.32   1.50
12.36   1.20
12.37   1.60
12.36   1.50
12.34   1.30
12.31   1.40
12.27   1.20
12.28   1.30
12.30   1.40
12.36   1.60
12.37   1.30
12.38   1.50
12.36   1.30
12.30   1.40
12.28   1.40
12.27   1.30
12.30   1.30
12.33   1.40
12.35   1.30
12.37   1.30
12.35   1.50
12.33   1.60
12.30   1.60
12.27   1.40
12.28   1.70
12.30   1.70
12.32   1.60
12.36   1.90
12.36   1.60
12.34   2.00
12.29   1.70
12.26   2.00
12.26   2.20
12.28   2.00
12.34   2.10
12.36   2.20
12.36   1.80
12.34   1.80
12.31   1.80
12.28   2.00
12.26   1.90
12.28   1.90
12.30   1.80
12.33   2.00
12.36   2.10
12.35   2.00
12.33   2.00
12.27   2.00
12.25   2.50
12.25   2.60
12.26   2.70
12.33   2.90
12.34   2.60
12.35   3.30
12.31   3.10
12.28   3.30
12.26   3.20
12.24   3.60
12.26   3.40
12.28   3.50
12.30   3.20
12.34   3.20
12.32   3.50
12.30   3.30
12.24   3.40
12.23   3.30
12.24   3.30
12.25   3.30
12.31   3.30
12.33   3.30
12.34   3.70
12.30   3.40
12.26   3.90
12.23   4.60
12.21   5.40
12.22   5.60
12.24   6.40
12.26   7.20
12.26   8.20
12.19   9.20
12.11   10.80
12.15   14.50
11.96   21.80
11.43   38.50
11.58   39.90
11.44   39.00
11.44   39.80
11.56   39.50
11.40   39.40
11.51   40.10
11.50   39.40
11.38   39.60
11.52   39.80
11.39   39.30
11.38   39.60
11.53   39.70
11.34   39.40
11.45   39.80
11.52   39.50
11.34   39.50
11.50   39.60
11.46   39.00
11.33   39.60
11.52   39.50
11.39   39.00
11.37   39.90
11.51   39.40
11.34   39.50
11.44   39.80
11.46   39.20
11.33   39.40
11.50   39.90
11.46   37.30
11.50   33.50
12.02   18.60
12.01   13.40
12.14   10.00
12.22   8.40
12.14   7.40
12.15   6.30
12.16   5.70
12.24   5.20
12.27   4.70
12.29   4.10
12.30   4.00
12.26   3.60
12.24   3.40
12.22   3.40
12.21   3.30
12.23   3.60
12.26   3.40
12.30   3.50
12.30   3.40
12.29   3.40
12.27   3.50
12.21   3.40
12.20   3.20
12.21   3.10
12.27   3.30
12.30   3.20
12.32   2.60
12.32   2.60
12.28   2.40
12.26   2.30
12.24   2.20
12.24   2.30
12.26   2.20
12.29   1.60
12.35   1.90
12.35   2.00
12.34   1.80
12.31   1.60
12.26   2.00
12.25   1.90
12.26   1.80
12.32   1.80
12.34   1.90
12.36   1.60
12.35   1.90
12.31   1.90
12.28   1.80
12.26   1.70
12.27   1.60
12.29   1.30
12.32   1.70
12.36   1.70
12.36   1.70
12.34   1.50
12.32   1.30
12.26   1.40
12.26   1.40
12.27   1.30
12.33   1.40
12.35   1.20
12.36   1.30
12.34   1.40
12.31   1.20
12.28   1.10
12.26   1.40
12.28   1.40
12.30   1.10
12.32   1.60
12.36   1.70
12.36   1.30
12.34   1.50
12.32   1.40
12.26   1.60
12.26   1.40
12.27   1.30
12.33   1.70
12.35   1.60
12.36   1.30
12.33   1.50
12.31   1.60
12.28   1.20
12.26   1.10
12.27   1.30
12.30   1.50
12.32   1.60
12.36   1.50
12.36   1.10
12.34   1.60
12.27   1.20
12.26   1.50
12.26   1.60
12.27   1.50
12.33   1.20
12.35   1.30
12.36   1.20
12.34   1.30
12.30   1.20
12.28   1.50
12.26   1.10
12.28   1.50
12.30   1.50
12.33   1.50
12.36   1.40
12.36   1.30
12.34   1.60
12.27   1.30
12.26   1.50
12.26   1.30
12.27   1.50
12.33   1.70
12.36   1.30
12.36   1.30
12.33   1.10
12.30   1.50
12.28   1.50
12.26   1.30
12.28   1.40
12.30   1.40
12.33   1.20
12.36   1.40
12.35   1.40
12.33   1.40
12.28   1.30
12.26   1.40
12.26   1.50
12.27   1.60
12.34   1.70
12.35   1.50
12.36   1.30
12.32   1.40
12.30   1.60
12.28   1.50
12.26   1.40
12.28   1.10
12.30   1.50
12.32   1.40
12.36   1.60
12.35   1.10
12.33   1.40
12.27   1.50
12.26   1.60
12.26   1.40
12.31   1.60
12.34   1.50
12.35   1.40
12.36   1.50
12.32   1.60
12.30   1.30
12.28   1.40
12.26   1.50
12.28   1.50
12.30   1.50
12.36   1.30
12.36   1.40
12.35   1.40
12.32   1.60
12.27   1.50
12.25   1.90
12.25   1.80
12.30   1.90
12.32   1.90
12.34   1.80
12.35   2.10
12.31   2.10
12.28   2.10
12.26   2.20
12.25   2.20
12.26   2.30
12.29   2.00
12.34   2.20
12.34   2.10
12.34   2.30
12.32   1.90
12.25   2.00
12.24   2.20
12.24   2.10
12.30   2.00
12.32   2.00
12.34   2.00
12.33   1.90
12.31   2.10
12.28   2.40
12.25   2.30
12.24   2.50
12.25   3.10
12.27   3.00
12.33   3.20
12.33   3.10
12.32   3.30
12.25   3.30
12.23   3.50
12.21   3.70
12.21   3.80
12.26   3.80
12.29   3.80
12.31   3.70
12.30   3.60
12.28   3.70
12.25   3.90
12.21   3.90
12.22   3.70
12.24   3.70
12.26   3.70
12.31   3.80
12.32   3.70
12.30   3.80
12.24   4.00
12.22   4.00
12.20   4.70
12.19   5.30
12.23   6.30
12.23   7.40
12.22   9.80
12.11   12.40
11.99   16.60
11.99   22.10
11.51   36.70
11.47   38.80
11.57   39.60
11.37   39.50
11.50   39.80
11.54   39.70
11.38   39.70
11.55   39.90
11.48   39.10
11.44   39.90
11.56   39.80
11.41   39.40
11.43   40.10
11.54   39.50
11.37   39.30
11.49   40.00
11.48   39.20
11.38   39.60
11.57   38.80
11.81   23.20
12.02   15.10
12.19   10.70
12.12   8.50
12.17   7.20
12.22   6.20
12.28   5.80
12.29   4.90
12.29   4.80
12.27   4.20
12.21   4.10
12.20   3.70