81.80	0.12	10.13	845229
83.30	0.12	10.00	845255
84.80	0.12	10.54	845281
82.30	0.13	10.57	845306
80.10	0.13	10.28	845333
78.80	0.12	9.78	845358
79.30	0.13	10.17	845384
77.00	0.12	8.91	845409
76.90	0.12	9.22	845433
77.30	0.12	9.58	845459
76.70	0.12	9.51	845484
76.80	0.12	9.20	845509
77.00	0.12	9.23	845534
77.80	0.12	9.65	845558
76.70	0.12	9.19	845584
76.90	0.12	9.22	845608
77.10	0.12	9.56	845633
77.70	0.13	9.95	845659
77.00	0.12	9.53	845683
77.20	0.12	9.57	845709
77.70	0.13	9.94	845733
76.70	0.12	9.19	845758
76.90	0.12	8.91	845784
77.40	0.13	9.91	845808
78.00	0.12	9.68	845833
76.90	0.12	9.53	845858
77.30	0.12	9.59	845883
78.20	0.12	9.70	845908
76.90	0.12	9.53	845933
77.30	0.12	9.27	845958
77.80	0.12	9.65	845983
78.80	0.12	9.78	846008
77.20	0.12	9.57	846032
77.80	0.12	9.65	846058
78.50	0.13	10.06	846084
77.20	0.12	9.24	846109
76.90	0.12	9.21	846134
76.90	0.12	8.91	846158
77.50	0.12	8.98	846184
39.60	11.19	443.20	846212
40.10	11.21	449.60	846240
39.90	11.34	452.63	846268
39.50	11.16	440.66	846296
40.10	11.28	452.33	846324
39.40	11.31	445.53	846352
39.80	11.16	444.33	846381
40.00	11.33	453.28	846408
38.90	11.24	437.39	846436
40.10	11.16	447.52	846465
39.70	11.34	450.20	846492
39.40	11.17	440.18	846521
40.20	11.22	451.20	846548
39.50	11.29	446.03	846577
39.50	11.14	440.19	846605
40.00	11.29	451.68	846632
39.30	11.22	441.10	846661
39.80	11.18	444.80	846689
40.10	11.34	454.73	846717
39.60	11.16	441.93	846745
40.30	11.24	452.81	846774
39.60	11.33	448.75	846801
39.90	11.15	444.80	846829
40.50	11.31	457.97	846858
39.50	11.28	445.40	846885
39.70	11.20	444.48	846914
40.00	11.34	453.60	846942
39.50	11.20	442.56	846969
40.00	11.26	450.24	846998
39.50	11.32	447.14	847026
39.40	11.15	439.39	847054
40.00	11.26	450.24	847082
39.70	11.26	447.02	847111
39.80	11.15	443.69	847138
40.00	11.32	452.80	847166
39.40	11.19	440.96	847195
40.00	11.20	448.16	847222
40.00	11.34	453.60	847251
39.50	11.14	440.19	847279
40.00	11.27	450.88	847307
39.70	11.31	449.09	847335
39.60	11.16	441.78	847363
40.00	11.33	453.28	847391
39.30	11.24	441.89	847419
39.90	11.22	447.68	847448
40.10	11.34	454.57	847475
39.70	11.18	443.69	847503
40.20	11.29	453.94	847532
39.70	11.30	448.45	847559
39.70	11.14	442.42	847588
40.00	11.29	451.68	847616
39.40	11.23	442.38	847644
39.90	11.18	445.92	847672
39.80	11.34	451.17	847699
39.60	11.16	441.93	847728
40.10	11.24	450.56	847756
39.80	11.33	451.01	847784
39.60	11.14	441.30	847812
40.30	11.30	455.55	847841
39.60	11.28	446.53	847868
40.00	11.19	447.52	847896
39.80	11.34	451.33	847925
39.70	11.20	444.80	847952
40.40	11.25	454.58	847981
39.50	11.32	447.14	848009
39.50	11.15	440.50	848037
40.00	11.32	452.80	848065
39.70	11.26	447.02	848093
39.70	11.15	442.73	848121
40.00	11.34	453.44	848149
39.20	11.19	438.57	848178
40.00	11.20	448.00	848205
39.70	11.34	450.04	848233
39.50	11.14	440.03	848262
40.30	11.27	454.26	848289
37.30	11.34	423.13	848318
18.10	11.69	211.51	848346
13.30	11.91	158.39	848374
10.10	11.91	120.28	848402
8.70	11.93	103.78	848429
7.70	12.00	92.44	848455
6.80	12.02	81.77	848481
6.00	12.00	71.98	848507
5.30	11.98	63.48	848533
4.90	11.96	58.61	848559
4.30	11.95	51.40	848585
4.10	12.00	49.19	848611
3.90	12.03	46.93	848637
3.20	12.06	38.61	848663
2.90	12.08	35.04	848689
2.90	12.07	35.01	848715
2.40	12.04	28.91	848741
2.30	12.00	27.59	848766
2.30	11.99	27.58	848793
2.10	12.01	25.22	848819
2.00	12.03	24.06	848845
2.30	12.09	27.81	848871
2.20	12.10	26.62	848897
2.10	12.09	25.39	848923
2.10	12.03	25.26	848949
2.20	12.01	26.42	848975
2.00	12.00	23.99	849001
2.20	11.99	26.38	849027
2.30	12.05	27.72	849053
2.10	12.08	25.37	849079
1.90	12.10	22.98	849105
1.90	12.08	22.95	849131
1.90	12.06	22.91	849157
1.80	12.03	21.65	849183
1.70	12.01	20.41	849209
2.00	12.01	24.02	849235
1.60	12.04	19.26	849261
1.70	12.07	20.52	849287
1.80	12.10	21.79	849313
1.80	12.10	21.78	849339
1.60	12.08	19.33	849364
1.50	12.02	18.03	849391
1.60	12.01	19.21	849417
1.40	12.01	16.81	849443
1.70	12.02	20.44	849469
1.50	12.09	18.13	849495
1.70	12.11	20.58	849521
1.50	12.11	18.16	849547
1.60	12.07	19.31	849573
1.30	12.04	15.65	849599
1.40	12.02	16.82	849625
1.20	12.00	14.40	849651
1.30	12.04	15.65	849677
1.20	12.07	14.48	849703
1.10	12.10	13.31	849729
1.30	12.11	15.74	849755
1.30	12.08	15.71	849781
1.30	12.06	15.68	849807
1.10	12.01	13.21	849832
1.40	12.00	16.81	849859
1.10	12.02	13.22	849885
1.60	12.05	19.28	849911
1.40	12.11	16.95	849937
1.70	12.11	20.59	849963
1.30	12.10	15.73	849989
1.20	12.04	14.45	850015
1.00	12.02	12.02	850041
1.50	12.01	18.01	850067
1.50	12.01	18.01	850093
1.40	12.07	16.90	850119
1.50	12.09	18.14	850145
1.20	12.11	14.53	850171
1.50	12.09	18.13	850197
1.40	12.06	16.89	850223
1.40	12.03	16.85	850249
1.20	12.01	14.41	850275
1.40	12.02	16.83	850301
1.40	12.05	16.87	850327
1.40	12.08	16.91	850353
1.30	12.11	15.75	850379
1.30	12.10	15.74	850405
1.50	12.08	18.13	850430
1.60	12.02	19.23	850457
1.50	12.01	18.01	850483
1.10	12.01	13.21	850509
1.40	12.03	16.84	850535
1.30	12.09	15.72	850561
1.10	12.10	13.31	850587
1.50	12.11	18.17	850613
1.70	12.06	20.51	850639
1.30	12.04	15.65	850665
1.50	12.02	18.02	850691
1.40	12.01	16.81	850717
1.10	12.05	13.25	850743
1.70	12.08	20.53	850769
1.40	12.10	16.94	850795
1.50	12.10	18.16	850821
1.30	12.08	15.71	850847
1.30	12.06	15.67	850873
1.40	12.01	16.81	850899
1.40	12.01	16.82	850925
1.20	12.03	14.44	850951
1.40	12.05	16.87	850977
1.40	12.11	16.95	851003
1.20	12.11	14.53	851028
1.60	12.10	19.35	851055
1.20	12.04	14.44	851081
1.40	12.01	16.82	851107
1.40	12.01	16.81	851133
1.50	12.02	18.02	851159
1.60	12.07	19.32	851185
1.50	12.10	18.14	851211
1.90	12.10	23.00	851237
1.60	12.08	19.32	851263
2.00	12.05	24.10	851289
1.80	12.02	21.64	851315
1.70	12.00	20.40	851341
2.00	12.02	24.04	851367
2.20	12.04	26.50	851393
2.20	12.07	26.56	851419
2.30	12.10	27.82	851445
2.20	12.08	26.59	851471
2.30	12.06	27.74	851496
2.60	11.99	31.18	851523
2.90	11.98	34.75	851549
3.40	11.99	40.76	851575
3.40	12.00	40.81	851601
3.30	12.06	39.81	851627
3.50	12.08	42.27	851653
3.90	12.07	47.08	851679
3.40	12.02	40.86	851705
3.70	11.99	44.36	851731
3.60	11.97	43.10	851757
3.50	11.97	41.90	851783
3.70	12.02	44.48	851809
3.40	12.04	40.95	851835
3.70	12.07	44.65	851861
3.60	12.06	43.42	851887
3.50	12.04	42.13	851913
3.60	12.00	43.22	851939
3.70	11.98	44.31	851965
3.90	11.98	46.71	851991
3.70	12.00	44.42	852017
3.70	12.03	44.52	852043
4.00	12.07	48.29	852069
3.90	12.06	47.05	852094
3.90	12.04	46.96	852121
4.60	12.00	55.22	852147
5.00	11.95	59.74	852173
5.00	11.94	59.70	852199
5.60	11.96	66.96	852225
6.60	12.01	79.26	852251
7.30	12.01	87.69	852277
8.70	12.00	104.37	852304
10.50	11.91	125.09	852332
12.40	11.85	146.98	852360
13.80	11.91	164.29	852388
15.30	11.78	180.20	852416
18.30	11.79	215.83	852445
21.80	11.73	255.72	852472
28.90	11.45	330.93	852501
37.60	11.41	428.93	852529
38.30	11.28	432.17	852556
38.50	11.20	431.35	852585
37.90	11.38	431.45	852613
39.30	11.18	439.21	852641
39.90	11.23	448.00	852669
39.50	11.30	446.19	852698
39.50	11.15	440.34	852725
39.90	11.30	450.87	852753
39.40	11.22	442.22	852782
39.70	11.18	443.84	852809
39.50	11.34	447.93	852838
39.60	11.16	442.09	852866
39.80	11.25	447.67	852893
39.60	11.34	448.91	852922
39.60	11.15	441.62	852950
39.80	11.32	450.38	852978
39.10	11.28	441.20	853006
39.50	11.20	442.24	853035
39.90	11.34	452.63	853062
39.30	11.21	440.63	853090
39.80	11.27	448.47	853118
39.60	11.33	448.59	853146
39.20	11.16	437.31	853175
39.90	11.32	451.83	853202
39.00	11.26	439.14	853231
39.60	11.16	441.77	853259
39.50	11.32	447.30	853286
39.30	11.19	439.84	853315
39.60	11.21	443.84	853343
39.40	11.34	446.79	853371
39.30	11.15	438.11	853399
39.90	11.28	450.07	853427
39.20	11.31	443.43	853455
39.40	11.16	439.86	853483
39.90	11.33	452.15	853512
39.20	11.25	440.92	853539
39.80	11.23	446.87	853568
39.80	11.34	451.33	853596
39.00	11.18	436.02	853623
40.00	11.30	452.00	853652
37.60	11.35	426.83	853680
38.70	11.18	432.51	853708
38.80	11.37	441.07	853736
28.40	11.50	326.57	853765
21.00	11.65	244.57	853792
16.20	11.85	191.96	853820
13.30	11.79	156.85	853849
12.50	11.87	148.32	853876
12.60	11.89	149.80	853905
12.40	11.81	146.39	853933
12.40	11.91	147.63	853961
12.60	11.85	149.25	853989
12.50	11.83	147.87	854017
11.80	11.93	140.81	854045
11.70	11.82	138.31	854073
10.40	11.90	123.77	854102
10.10	11.96	120.85	854129
8.80	11.88	104.52	854156
7.70	11.96	92.07	854182
6.80	12.00	81.60	854208
5.70	12.03	68.59	854235
5.20	12.03	62.55	854260
4.40	12.01	52.85	854286
4.00	11.99	47.97	854312
3.60	11.97	43.09	854338
3.10	11.98	37.15	854365
3.00	12.01	36.03	854390
3.00	12.08	36.23	854416
3.00	12.08	36.25	854443
2.90	12.08	35.03	854468
2.60	12.06	31.37	854495
2.90	12.00	34.79	854520
2.60	11.98	31.15	854546
2.90	11.98	34.74	854573
2.90	12.03	34.89	854598
2.60	12.06	31.36	854624
3.00	12.08	36.24	854650
3.00	12.07	36.20	854676
2.60	12.04	31.32	854703
2.90	12.02	34.85	854728
2.60	11.99	31.18	854754
2.40	11.99	28.77	854780
2.00	12.01	24.02	854806
2.20	12.04	26.49	854833
2.10	12.09	25.39	854858
2.10	12.09	25.39	854884
1.90	12.08	22.95	854910
1.90	12.01	22.82	854936
1.80	12.00	21.59	854963
1.90	12.00	22.79	854988
1.60	12.01	19.21	855014
1.80	12.07	21.72	855041
1.60	12.09	19.34	855066