0.11    72.30	
0.11    71.40	
0.11    74.10	
0.12    77.30	
0.11    77.90	
0.11    78.00	
0.10    74.70	
0.10    73.80	
0.10    71.20	
0.11    72.20	
0.12    75.30	
0.12    76.40	
0.11    78.00	
0.11    76.60	
0.10    73.20	
0.10    72.60	
0.11    71.30	
0.12    73.40	
0.11    74.20	
0.11    77.30	
0.11    77.80	
0.10    75.50	
0.10    74.60	
0.10    71.40	
0.11    71.40	
0.11    72.10	
0.11    75.50	
0.11    77.90	
0.10    77.30	
0.10    76.40	
0.10    73.10	
0.11    71.20	
13.57   4.30	
13.55   4.20	
13.56   4.10	
13.57   4.30	
13.54   4.20	
13.56   4.20	
13.57   4.10	
13.55   4.20	
13.56   4.10	
13.57   3.80	
13.58   3.80	
13.57   3.60	
13.58   3.40	
13.59   3.10	
13.58   3.10	
13.58   2.90	
13.60   2.50	
13.61   2.50	
13.59   2.30	
13.60   2.30	
13.61   2.00	
13.60   1.90	
13.61   2.20	
13.62   2.20	
13.60   1.90	
13.61   2.00	
13.62   1.80	
13.62   1.60	
13.61   1.60	
13.62   1.50	
13.62   1.40	
13.61   1.40	
13.62   1.70	
13.62   1.50	
13.62   1.40	
13.62   1.60	
13.62   1.50	
13.62   1.80	
13.62   1.60	
13.62   1.50	
13.62   1.60	
13.62   1.60	
13.62   1.50	
13.62   1.60	
13.62   1.30	
13.62   1.60	
13.63   1.60	
13.62   1.60	
13.62   1.50	
13.62   1.60	
13.62   1.90	
13.62   1.80	
13.62   1.80	
13.62   2.20	
13.62   1.90	
13.62   2.00	
13.62   2.20	
13.61   1.80	
13.62   2.00	
13.62   2.10	
13.61   1.70	
13.61   1.90	
13.62   2.00	
13.61   1.80	
13.61   1.80	
13.62   1.80	
13.61   2.00	
13.61   2.10	
13.60   2.20	
13.61   2.10	
13.60   2.50	
13.59   2.40	
13.60   2.70	
13.59   3.10	
13.58   3.40	
13.58   3.50	
13.58   4.10	
13.56   4.40	
13.54   4.90	
13.55   5.50	
13.53   6.40	
13.50   7.00	
13.51   8.00	
13.49   9.30	
13.47   10.90	
13.32   13.90	
13.25   17.30	
13.21   22.40	
13.13   28.80	
12.67   40.30	
12.58   40.90	
12.66   42.40	
12.75   41.80	
12.64   41.40	
12.54   42.20	
12.69   42.70	
12.74   42.60	
12.66   42.10	
12.54   42.50	
12.65   43.10	
12.74   42.70	
12.62   41.80	
12.54   42.00	
12.62   42.50	
12.75   42.30	
12.66   41.70	
12.54   42.20	
12.66   43.00	
12.74   42.60	
12.68   42.10	
12.64   38.00	
13.18   21.50	
13.41   13.40	
13.48   9.00	
13.46   6.50	
13.49   5.20	
13.52   4.60	
13.50   3.70	
13.52   3.60	
13.54   3.10	
13.52   2.70	
13.53   2.60	
13.55   2.20	
13.56   2.60	
13.54   2.00	
13.55   2.30	
13.56   2.10	
13.54   2.10	
13.56   2.00	
13.57   1.80	
13.58   1.90	
13.56   1.70	
13.57   1.90	
13.58   1.70	
13.56   1.90	
13.57   1.70	
13.58   1.90	
13.56   1.80	
13.58   1.60	
13.58   1.40	
13.59   1.60	
13.57   1.60	
13.58   1.80	
13.59   1.80	
13.58   1.50	
13.58   1.80	
13.59   1.60	
13.60   1.40	
13.58   1.60	
13.59   1.50	
13.60   1.50	
13.58   1.60	
13.59   1.40	
13.60   1.50	
13.58   1.60	
13.59   1.70	
13.60   1.50	
13.60   1.40	
13.59   1.40	
13.60   1.60	
13.60   1.40	
13.59   1.80	
13.60   1.40	
13.60   1.50	
13.61   1.60	
13.60   1.60	
13.60   1.40	
13.61   1.50	
13.60   1.70	
13.60   1.80	
13.60   1.70	
13.60   1.70	
13.60   1.60	
13.60   1.60	
13.60   1.60	
13.60   2.00	
13.60   2.00	
13.60   1.90	
13.60   2.10	
13.60   2.20	
13.60   2.10	
13.60   1.90	
13.60   1.80	
13.60   2.10	
13.60   1.80	
13.60   1.80	
13.60   2.00	
13.60   1.80	
13.59   1.90	
13.60   1.90	
13.60   2.10	
13.59   1.60	
13.60   2.00	
13.60   1.90	
13.59   1.70	
13.58   2.00	
13.60   1.80	
13.59   1.90	
13.58   2.00	
13.59   2.20	
13.58   2.20	
13.58   2.50	
13.56   2.50	
13.58   3.00	
13.57   3.10	
13.56   3.10	
13.57   3.80	
13.56   3.90	