12.40   44.00
12.62   44.30
12.48   43.30
12.44   44.00
12.60   43.90
12.42   43.40
12.51   44.10
12.55   43.70
12.40   43.90
12.58   44.10
12.48   43.70
12.44   44.10
12.62   44.00
12.42   43.30
12.51   44.30
12.60   43.80
12.40   43.80
12.57   44.00
12.55   43.60
12.44   44.10
12.61   44.30
12.48   43.80
12.51   43.90
12.61   43.80
12.42   43.70
12.58   44.10
12.56   43.50
12.40   43.60
12.61   44.00
12.48   43.60
12.43   44.20
12.60   43.80
12.41   43.50
12.49   44.30
12.54   43.60
12.39   43.80
12.56   44.30
12.47   43.50
12.43   44.20
12.61   44.00
12.48   43.50
12.50   44.50
12.59   44.00
12.41   43.60
12.56   44.00
12.54   43.50
12.39   43.80
12.60   44.00
12.48   43.50
12.42   44.30
12.60   44.20
12.41   43.40
12.49   44.40
12.54   43.60
12.39   43.50
12.56   44.30
12.47   43.50
12.42   44.10
12.60   44.00
12.41   43.70
12.49   44.30
12.60   43.60
12.39   43.60
12.56   44.30
12.55   43.70
12.43   44.00
12.60   43.80
12.48   43.60
12.50   44.20
12.60   43.90
12.41   43.50
12.56   44.30
12.54   43.70
12.38   43.60
12.62   42.10
12.52   41.70
12.90   26.80
13.25   15.30
13.25   11.20
13.33   8.70
13.41   6.90
13.41   6.00
13.40   5.20
13.36   4.30
13.36   3.80
13.38   3.30
13.41   3.10
13.47   2.60
13.48   2.30
13.49   2.20
13.44   2.20
13.42   2.00
13.40   2.00
13.41   2.20
13.43   1.90
13.45   1.90
13.49   2.10
13.48   1.90
13.46   2.00
13.44   2.30
13.39   1.90
13.39   2.10
13.40   2.20
13.46   2.10
13.48   2.00
13.49   1.90
13.46   1.80
13.44   2.00
13.42   1.80
13.40   1.50
13.42   1.70
13.44   1.70
13.47   1.60
13.50   1.70
13.48   1.60
13.46   1.70
13.41   1.60
13.40   1.50
13.40   1.60
13.45   1.80
13.47   1.60
13.49   1.40
13.49   1.50
13.45   1.80
13.42   1.90
13.40   2.00
13.39   2.00
13.42   2.00
13.44   2.00
13.48   2.00
13.48   2.20
13.47   2.10
13.44   2.10
13.39   2.10
13.38   2.10
13.40   1.90
13.45   1.90
13.47   2.00
13.48   2.10
13.48   2.10
13.43   2.50
13.39   3.20
13.36   3.60
13.37   4.40
13.38   4.90
13.40   5.00
13.44   5.10
13.43   5.20
13.41   5.10
13.38   5.00
13.33   5.10
13.33   5.20
13.35   5.10
13.41   4.70
13.43   5.10
13.43   5.10
13.39   5.80
13.34   7.40
13.25   11.60
12.99   29.30
12.56   43.70
12.39   43.90
12.54   44.10
12.49   43.50
12.41   44.00
12.60   44.40
12.42   43.40
12.48   44.10
12.60   43.90
12.39   43.50
13.16   18.10
13.37   7.60
13.34   5.00
13.36   3.70
13.38   3.40
13.44   3.40
13.45   3.30
13.46   3.20
13.45   3.40
13.39   3.50
13.37   3.20
13.36   3.30
13.39   3.20
13.42   3.50
13.44   3.20
13.46   3.20
13.45   2.40
13.43   2.50
13.41   2.20
13.38   1.90
13.39   1.60
13.41   1.80
13.47   1.80
13.48   1.80
13.48   1.80
13.46   1.90
13.40   2.00
13.38   1.80
13.38   1.90
13.42   2.00
13.44   1.90
13.46   1.80
13.47   1.60
13.45   1.50
13.43   1.20
13.41   1.30
13.38   1.50
13.40   1.40
13.42   1.50
13.47   1.60
13.48   1.40
13.47   1.50
13.42   1.70
13.40   1.50
13.38   1.50
13.38   1.60
13.43   1.50
13.45   1.70
13.46   1.90
13.45   1.80
13.43   1.80
13.41   2.20
13.37   2.10
13.38   1.90
13.40   2.20
13.42   2.10
13.47   2.10
13.46   1.90
13.45   1.70
13.40   2.00
13.38   2.10
13.37   2.20
13.36   2.50
13.42   3.00
13.43   3.20
13.44   3.60
13.42   4.00
13.40   3.70
13.36   3.80
13.34   3.90
13.35   3.60
13.37   4.10
13.40   3.90
13.44   3.90
13.43   4.00
13.41   4.00
13.36   4.00
13.33   4.30
13.32   5.00
13.34   7.00
13.31   10.70
13.19   17.30
12.99   22.70
13.07   24.70
12.98   25.40
12.86   28.80
12.67   41.40
12.41   43.30
12.46   43.90
12.54   43.30
12.38   43.70
12.53   43.90
12.48   43.40
12.40   44.00
12.58   44.00
12.40   43.30
12.46   44.00
12.58   43.70
12.37   43.60
12.60   41.80
12.94   27.10
13.17   13.80
13.34   9.30
13.36   7.30
13.32   5.80
13.32   4.80
13.33   4.40
13.34   3.90
13.40   3.80
13.42   3.80
13.43   3.90
13.41   3.60
13.39   3.80
13.36   3.70
13.34   4.20
13.35   4.00
13.38   3.80
13.40   3.50
13.45   3.30
13.44   3.00
13.43   2.60
13.38   2.20
13.36   2.20
13.36   2.10
13.42   1.90
13.44   1.70
13.45   1.90
13.46   2.00
13.42   1.60
13.40   2.00
13.38   1.90
13.37   1.90
13.39   1.90
13.41   1.80
13.46   1.60
13.46   1.80
13.45   1.80
13.43   1.50
13.38   1.50
13.37   1.40
13.37   1.60
13.42   1.70
13.44   1.50
13.46   1.50
13.44   1.70
13.42   1.50
13.40   1.60
13.38   1.50
13.38   1.50
13.40   1.60
13.42   1.50
13.46   1.70
13.46   1.70
13.44   1.60
13.38   1.40
13.37   1.70
0.11    74.70
0.10    76.50
0.10    75.20
0.10    74.60
0.11    73.80
0.11    75.50
0.10    74.70
0.10    73.70
0.10    75.90
0.10    74.70
0.10    74.00
0.10    73.00
0.10    74.70
0.10    74.00
0.10    73.10
0.10    74.60
0.10    73.90
0.10    73.40
0.10    74.60
0.10    74.10
0.10    73.10
0.10    72.40
0.10    73.90
0.10    73.00
0.10    72.50
0.10    73.80
0.10    73.10
0.10    72.60
0.10    72.30
0.10    73.20
0.10    72.50
0.10    72.60
0.10    73.20
0.10    72.60
0.11    72.50
0.10    72.50
0.10    72.90