2.08    72.90
0.11    77.30
0.11    76.30
0.11    75.50
0.11    77.00
0.11    76.20
0.11    75.20
0.11    77.00
0.11    76.30
0.10    75.50
0.10    74.60
0.11    76.10
0.11    75.60
0.10    74.60
0.11    76.80
0.11    75.50
0.11    74.90
0.10    74.10
0.11    75.80
0.10    74.90
0.10    74.20
0.10    76.20
0.10    74.80
0.11    74.20
0.11    73.10
0.11    75.20
0.11    74.40
12.85   1.60
12.85   1.70
12.91   1.60
12.93   1.60
12.94   1.70
12.93   1.50
12.91   1.50
12.88   1.50
12.85   1.80
12.86   1.80
12.88   1.40
12.90   1.60
12.94   1.60
12.94   1.50
12.93   1.90
12.87   1.50
12.85   1.40
12.84   1.60
12.86   1.80
12.91   1.70
12.93   1.70
12.94   1.70
12.92   1.70
12.90   1.90
12.86   2.10
12.84   1.80
12.86   2.10
12.88   2.20
12.90   1.90
12.94   2.20
12.92   2.40
12.90   2.40
12.84   2.60
12.82   2.60
12.83   2.60
12.87   2.60
12.90   3.20
12.91   3.10
12.92   3.20
12.87   3.70
12.84   3.80
12.82   4.00
12.81   4.00
12.82   4.40
12.85   4.50
12.88   4.60
12.89   4.60
12.88   5.10
12.84   5.70
12.77   6.20
12.75   6.90
12.74   8.20
12.82   8.80
12.80   10.00
12.68   11.30
12.74   13.60
12.62   17.50
12.50   20.00
12.57   22.40
12.45   23.40
12.37   27.20
12.13   40.10
11.94   39.60
12.02   41.80
12.06   41.10
11.90   41.80
12.08   41.90
12.00   41.00
11.95   41.70
12.09   41.70
11.93   41.10
12.02   41.90
12.06   41.40
11.88   41.00
12.08   41.90
11.99   41.30
11.90   41.70
12.08   41.90
11.92   41.20
11.95   42.00
12.05   41.30
11.88   41.60
12.02   41.90
12.05   41.30
11.89   41.60
12.08   41.80
11.99   41.20
11.96   41.90
12.14   39.40
12.39   23.40
12.70   14.00
12.79   10.00
12.73   8.00
12.81   7.70
12.84   7.60
12.84   7.70
12.82   7.60
12.79   7.60
12.76   7.50
12.74   7.50
12.76   7.70
12.78   7.50
12.82   7.30
12.86   6.70
12.87   5.40
12.86   4.70
12.82   3.90
12.81   3.40
12.82   3.00
12.84   2.70
12.91   2.50
12.92   2.20
12.94   1.90
12.90   2.10
12.88   1.90
12.85   1.80
12.84   2.00
12.86   1.70
12.89   1.70
12.92   2.00
12.93   1.90
12.92   1.90
12.90   1.80
12.84   1.80
12.84   1.50
12.85   1.80
12.87   1.50
12.93   1.50
12.94   1.50
12.94   1.40
12.90   1.50
12.87   1.40
12.85   1.50
12.86   1.50
12.88   1.40
12.91   1.40
12.93   1.40
12.94   1.50
12.92   1.50
12.90   1.50
12.84   1.60
12.85   1.40
12.86   1.40
12.92   1.50
12.94   1.60
12.94   1.50
12.94   1.50
12.88   1.50
12.86   1.50
12.85   1.50
12.86   1.50
12.89   1.50
12.92   1.50
12.94   1.60
12.93   1.50
12.91   1.40
12.88   1.50
12.84   1.60
12.85   1.60
12.87   1.30
12.92   1.40
12.94   1.50
12.94   1.50
12.90   1.70
12.86   1.70
12.84   2.00
12.84   2.10
12.86   2.20
12.88   2.30
12.91   2.40
12.92   2.50
12.90   2.70
12.87   2.90
12.82   3.40
12.80   3.80
12.81   4.00
12.83   4.70
12.88   4.80
12.88   5.20
12.88   5.50
12.82   5.50
12.80   5.30
12.78   5.50
12.79   5.40
12.82   5.30
12.85   5.50
12.87   5.40
12.87   5.40
12.85   5.30
12.82   5.20
12.77   5.50
12.77   5.60
12.77   6.60
12.81   8.40
12.79   10.80
12.62   15.00
12.53   22.50
12.07   40.00
11.88   41.20
12.04   41.80
11.96   41.10
11.91   41.80
12.08   41.80
11.90   41.30
11.98   41.90
12.08   41.60
11.88   41.40
12.04   41.80
12.03   41.60
11.91   41.60
12.08   41.70
11.96   41.50
11.98   42.00
12.08   41.50
11.90   41.10
12.06   42.00
12.09   39.50
12.01   35.50
12.66   17.80
12.68   12.30
12.71   9.60
12.84   7.90
12.83   6.60
12.82   5.70
12.80   5.00
12.78   4.70
12.81   4.10
12.84   3.80
12.90   3.50
12.91   3.60
12.90   2.90
12.85   2.80
12.82   2.70
12.82   2.70
12.82   3.00
12.87   2.70
12.90   2.70
12.92   2.90
12.90   3.10
12.88   2.90
12.85   3.10
12.82   3.00
12.82   2.70
12.84   2.70
12.87   2.60
12.92   2.40
12.92   2.30
12.90   2.10
12.84   2.10
12.83   2.20
12.82   2.00
12.87   2.10
12.90   2.00
12.92   1.80
12.93   1.70
12.90   1.90
12.88   1.40
12.85   1.70
12.84   1.70
12.85   1.50
12.87   1.40
12.90   1.40
12.93   1.50
12.92   1.50
12.90   1.60
12.85   1.70
12.84   1.40
12.84   1.40
12.89   1.40
12.91   1.60
12.93   1.70
12.93   1.40
12.89   1.70
12.87   1.60
12.84   1.50
12.84   1.70
12.86   1.50
12.89   1.40
12.93   1.10
12.93   1.50
12.92   1.50
12.90   1.50
12.84   1.40
12.83   1.50
12.84   1.50
12.90   1.30
12.92   1.50
12.93   1.40
12.90   1.70
12.87   1.60
12.85   1.70
12.82   1.90
12.84   2.20
12.86   2.10
12.89   2.30
12.92   2.50
12.91   2.50
12.89   2.30
12.83   2.70
12.82   2.30
12.82   2.20
12.84   2.40
12.90   2.30
12.92   2.50
12.92   2.30
12.88   2.30
12.85   2.10
12.83   2.80
12.82   3.00
12.84   3.30
12.86   3.70
12.88   4.30
12.88   4.60
12.85   5.70
12.80   6.90
12.71   8.80
12.68   12.10
12.63   19.20
11.96   39.90
11.99   41.40
12.06   41.50
11.88   41.50
12.06   41.80
12.01   41.20
11.92   41.80
12.08   41.70
11.93   41.40
11.99   41.70
12.06   41.50
11.88   41.10
11.98   41.90
12.00   41.10
11.94   40.60
12.59   19.20
12.69   10.60
12.74   7.70
12.81   6.00
12.88   4.60
12.88   3.70
12.88   3.50
12.83   3.10
12.81   2.70
12.81   2.40
12.82   2.40
12.88   2.20
12.90   2.20
12.92   2.20
12.90   1.90
12.87   1.90
12.85   2.00
12.82   1.60
12.84   1.80
12.86   2.00
12.88   1.90
12.92   1.80
12.92   1.90
12.90   2.00
12.83   1.70
12.82   1.90
12.82   1.80
12.88   1.60
12.90   1.60
12.92   1.80
12.92   1.40
12.89   1.30
12.86   1.60
12.84   1.10
12.84   1.40
12.85   1.50
12.88   1.40
12.93   1.60
12.92   1.50
12.91   1.40
12.89   1.20
12.83   1.30
12.83   1.40
12.84   1.50
12.89   1.50
12.91   1.40