77.50	0.10	8.02	332472
76.50	0.10	7.91	332496
75.50	0.10	7.80	332521
77.20	0.10	7.68	332547
76.50	0.10	7.91	332571
75.70	0.10	7.52	332597
74.70	0.10	7.71	332621
76.30	0.10	7.89	332646
75.80	0.10	7.53	332672
75.00	0.10	7.75	332696
76.70	0.10	7.93	332721
76.00	0.10	7.85	332746
75.00	0.10	7.75	332771
74.10	0.10	7.65	332796
76.00	0.11	8.16	332821
74.90	0.10	7.44	332846
74.10	0.10	7.65	332871
76.00	0.10	7.85	332896
75.20	0.10	7.47	332920
74.20	0.10	7.36	332946
76.20	0.10	7.87	332971
75.50	0.10	7.80	332996
74.70	0.10	7.71	333021
73.60	0.10	7.30	333045
74.10	0.10	7.35	333071
72.90	0.10	7.23	333095
72.60	0.10	7.49	333120
1.50	12.69	19.03	333147
1.50	12.70	19.06	333172
1.30	12.73	16.55	333199
1.40	12.76	17.86	333224
1.50	12.79	19.19	333250
1.80	12.78	23.00	333277
1.50	12.76	19.14	333302
1.50	12.70	19.05	333329
1.60	12.69	20.31	333355
1.40	12.69	17.77	333380
1.60	12.71	20.33	333407
1.40	12.77	17.88	333432
1.40	12.79	17.90	333458
1.60	12.79	20.47	333485
1.60	12.75	20.40	333510
1.30	12.72	16.54	333537
1.40	12.70	17.78	333562
1.30	12.70	16.51	333588
1.40	12.72	17.81	333615
1.60	12.74	20.39	333640
1.50	12.76	19.15	333667
1.30	12.78	16.61	333692
1.60	12.77	20.43	333718
1.50	12.74	19.12	333745
1.40	12.69	17.76	333770
1.30	12.69	16.49	333797
1.40	12.70	17.77	333822
1.40	12.75	17.85	333848
1.50	12.77	19.16	333875
1.50	12.78	19.18	333900
1.30	12.78	16.61	333926
1.30	12.73	16.55	333953
1.40	12.71	17.79	333978
1.40	12.69	17.76	334005
1.40	12.70	17.79	334030
1.50	12.73	19.10	334056
1.30	12.75	16.58	334083
1.50	12.79	19.18	334108
1.20	12.78	15.34	334135
1.40	12.76	17.86	334160
1.40	12.74	17.83	334186
1.60	12.69	20.30	334213
1.40	12.69	17.76	334238
1.50	12.70	19.05	334265
1.50	12.76	19.14	334290
1.20	12.78	15.34	334316
1.30	12.79	16.62	334343
1.40	12.75	17.85	334368
1.30	12.72	16.54	334395
1.40	12.70	17.77	334420
1.40	12.68	17.76	334446
1.40	12.71	17.80	334473
1.40	12.74	17.83	334498
1.50	12.76	19.14	334524
1.80	12.78	23.01	334551
1.50	12.77	19.16	334576
1.50	12.75	19.12	334603
1.50	12.72	19.08	334628
1.70	12.68	21.56	334654
1.70	12.70	21.59	334681
1.50	12.72	19.09	334706
1.50	12.78	19.18	334733
1.80	12.79	23.03	334758
1.70	12.79	21.75	334784
1.50	12.74	19.12	334811
1.80	12.72	22.90	334836
1.80	12.70	22.85	334863
1.80	12.69	22.84	334888
1.70	12.72	21.63	334914
1.90	12.75	24.23	334941
1.70	12.78	21.72	334966
2.00	12.78	25.56	334993
2.00	12.76	25.53	335019
1.70	12.74	21.66	335044
2.10	12.69	26.65	335071
2.00	12.69	25.38	335096
2.10	12.70	26.67	335122
2.00	12.76	25.51	335149
2.40	12.78	30.66	335174
2.30	12.79	29.41	335201
2.50	12.78	31.95	335226
2.60	12.72	33.08	335252
2.30	12.70	29.20	335279
2.60	12.68	32.97	335304
2.70	12.70	34.29	335331
2.50	12.72	31.80	335356
2.80	12.74	35.68	335382
2.90	12.78	37.05	335409
3.10	12.76	39.54	335434
3.10	12.74	39.48	335461
3.20	12.71	40.68	335486
3.40	12.66	43.05	335512
3.40	12.66	43.05	335539
3.70	12.68	46.92	335564
3.50	12.74	44.59	335590
3.70	12.76	47.21	335617
3.70	12.76	47.21	335642
3.40	12.72	43.25	335669
3.50	12.69	44.42	335694
3.50	12.67	44.34	335720
3.50	12.66	44.30	335747
3.40	12.69	43.14	335772
3.40	12.72	43.24	335799
3.70	12.74	47.14	335824
3.50	12.76	44.68	335850
3.30	12.75	42.07	335877
3.60	12.72	45.79	335902
3.40	12.66	43.06	335929
3.40	12.66	43.03	335954
3.90	12.66	49.39	335980
4.00	12.67	50.69	336007
4.50	12.73	57.30	336032
4.60	12.74	58.62	336059
4.90	12.74	62.41	336084
5.40	12.68	68.45	336110
5.80	12.64	73.34	336137
6.30	12.62	79.48	336162
7.00	12.62	88.32	336188
7.90	12.62	99.74	336215
8.70	12.64	109.94	336241
9.80	12.66	124.08	336269
11.30	12.55	141.81	336296
13.70	12.50	171.27	336325
16.60	12.54	208.13	336353
19.80	12.35	244.61	336380
25.50	12.31	313.92	336409
38.50	12.00	462.15	336437
39.50	11.80	466.10	336465
41.50	11.92	494.85	336493
40.60	11.88	482.49	336521
41.10	11.79	484.65	336549
41.10	11.95	491.07	336577
40.60	11.81	479.41	336606
41.60	11.86	493.38	336633
41.00	11.93	489.22	336662
40.80	11.75	479.48	336690
41.60	11.92	495.88	336717
41.00	11.88	487.08	336746
41.00	11.74	481.51	336774
41.10	11.95	491.07	336802
40.80	11.81	481.77	336830
41.20	11.78	485.34	336859
41.00	11.93	489.22	336886
40.80	11.75	479.48	336914
41.50	11.85	491.70	336943
40.70	11.88	483.36	336970
41.10	11.74	482.52	336999
41.50	11.92	494.52	337027
41.10	11.81	485.31	337054
41.40	11.78	487.70	337083
41.30	11.94	493.29	337111
40.70	11.75	478.31	337139
41.30	11.85	489.33	337167
41.30	11.93	492.80	337196
40.90	11.74	480.17	337223
41.30	11.91	491.97	337251
40.90	11.88	485.73	337280
41.50	11.74	487.21	337307
41.40	11.94	494.32	337336
40.90	11.81	482.95	337363
41.40	11.78	487.53	337392
41.20	11.93	491.60	337420
40.60	11.76	477.30	337447
41.30	11.84	489.16	337476
39.80	11.92	474.42	337504
25.70	12.17	312.68	337532
16.10	12.52	201.53	337560
10.50	12.56	131.89	337589
8.40	12.59	105.75	337615
6.90	12.68	87.52	337641
5.80	12.72	73.78	337668
5.40	12.72	68.67	337693
4.80	12.70	60.96	337719
4.20	12.65	53.12	337745
4.00	12.65	50.59	337771
3.80	12.66	48.09	337798
3.80	12.68	48.17	337823
3.70	12.74	47.14	337849
3.80	12.75	48.46	337875
3.60	12.76	45.92	337901
3.70	12.71	47.02	337928
3.30	12.68	41.85	337953
3.50	12.66	44.33	337979
3.90	12.67	49.41	338006
3.90	12.68	49.45	338031
3.80	12.71	48.31	338058
3.40	12.74	43.30	338083
3.50	12.76	44.65	338109
3.30	12.74	42.04	338136
3.40	12.72	43.24	338161
3.20	12.66	40.53	338188
2.90	12.66	36.71	338213
3.00	12.68	38.03	338239
2.70	12.74	34.39	338266
2.50	12.76	31.89	338291
2.50	12.78	31.94	338317
2.20	12.75	28.05	338343
2.40	12.73	30.55	338369
2.00	12.70	25.40	338396
2.10	12.68	26.63	338421
2.00	12.69	25.38	338447
2.00	12.72	25.43	338473
2.10	12.74	26.76	338499
2.20	12.78	28.13	338526
2.00	12.78	25.55	338551
2.00	12.76	25.52	338577
2.00	12.70	25.39	338604
1.80	12.68	22.83	338629
2.10	12.68	26.62	338656
1.90	12.70	24.12	338681
1.90	12.75	24.23	338707
2.00	12.77	25.54	338734
1.80	12.78	23.00	338759
1.70	12.75	21.68	338785
2.00	12.73	25.46	338811
2.00	12.70	25.40	338837
1.90	12.68	24.10	338864
1.90	12.70	24.12	338889
2.00	12.72	25.44	338915
1.90	12.75	24.23	338941
2.00	12.78	25.57	338967
1.80	12.78	23.00	338994
1.80	12.76	22.97	339019
1.90	12.70	24.13	339045
1.80	12.69	22.84	339072
1.40	12.68	17.76	339097
1.50	12.74	19.10	339124
1.50	12.76	19.14	339149
1.50	12.78	19.17	339175
1.40	12.79	17.90	339202
1.50	12.75	19.13	339227
1.50	12.73	19.09	339254
1.70	12.70	21.60	339279
1.50	12.69	19.04	339305
1.50	12.71	19.06	339332
1.60	12.73	20.37	339357
1.50	12.79	19.18	339383
1.30	12.79	16.62	339409
1.50	12.78	19.16	339435
1.50	12.75	19.13	339462
1.50	12.70	19.04	339487
1.40	12.69	17.76	339513
1.50	12.69	19.03	339539
1.30	12.74	16.56	339565
1.50	12.76	19.15	339592
1.70	12.78	21.73	339617
1.60	12.77	20.43	339643
1.40	12.74	17.84	339670
1.60	12.72	20.36	339695
1.40	12.69	17.77	339722
1.40	12.69	17.77	339747
1.60	12.71	20.33	339773
1.60	12.74	20.38	339800
1.50	12.78	19.18	339825
1.60	12.78	20.45	339852
1.30	12.77	16.60	339877
1.30	12.71	16.53	339903
1.60	12.70	20.31	339930
1.30	12.69	16.49	339955
1.50	12.69	19.03	339981
1.50	12.74	19.12	340007
1.70	12.76	21.70	340033
1.30	12.78	16.62	340060
1.30	12.77	16.60	340085
1.50	12.74	19.12	340111
1.50	12.72	19.08	340137
1.40	12.68	17.76	340163
1.60	12.69	20.31	340190
1.90	12.71	24.15	340215
1.80	12.73	22.92	340241
1.90	12.78	24.27	340268
1.80	12.77	22.99	340293
1.90	12.76	24.25	340320
2.10	12.70	26.67	340345
2.00	12.68	25.36	340371
1.80	12.68	22.82	340398
2.00	12.72	25.43	340423
2.00	12.74	25.48	340449
2.10	12.77	26.81	340475
2.10	12.78	26.83	340501
2.00	12.76	25.51	340528
1.90	12.73	24.19	340553
2.10	12.70	26.68	340579
1.90	12.68	24.08	340605
1.80	12.69	22.84	340631
2.20	12.70	27.95	340658
2.40	12.76	30.63	340683
2.60	12.76	33.19	340709
2.90	12.76	37.00	340736
3.50	12.73	44.56	340761
4.00	12.66	50.64	340788
4.70	12.63	59.37	340813
4.60	12.62	58.07	340839
4.90	12.67	62.08	340866
5.10	12.69	64.73	340891
5.30	12.71	67.38	340918
5.00	12.72	63.58	340943
5.10	12.70	64.75	340969
5.20	12.67	65.88	340996
5.10	12.65	64.51	341021
5.00	12.62	63.12	341047
5.30	12.64	66.97	341073
5.10	12.66	64.57	341099
5.20	12.72	66.15	341126
5.00	12.73	63.64	341151
5.40	12.72	68.67	341177
5.80	12.65	73.36	341203
7.10	12.60	89.46	341229
8.70	12.56	109.24	341257
12.40	12.52	155.21	341284
22.30	12.40	276.48	341312
39.30	11.79	463.42	341341
41.40	11.86	490.84	341368
41.00	11.85	485.94	341397
41.00	11.74	481.34	341425
41.40	11.92	493.33	341453
40.50	11.78	477.25	341481
41.00	11.79	483.31	341509
41.30	11.94	492.96	341537
40.80	11.74	478.83	341565
41.60	11.86	493.38	341594
41.00	11.92	488.56	341621
41.10	11.74	482.52	341650
41.60	11.92	495.88	341678
40.60	11.86	481.52	341705
41.50	11.79	489.21	341734
41.10	11.94	490.74	341762
40.70	11.79	479.77	341790
41.50	11.78	489.04	341818
41.20	11.92	490.95	341846
39.50	11.78	465.31	341874
39.40	11.93	469.96	341902
22.30	12.34	275.23	341931
17.20	12.38	212.90	341958
14.00	12.55	175.75	341987
11.20	12.53	140.37	342014
9.60	12.56	120.59	342041
8.60	12.65	108.78	342069
7.90	12.64	99.83	342094
7.50	12.62	94.66	342121
7.60	12.59	95.70	342147
7.70	12.58	96.84	342172
7.50	12.59	94.45	342199
8.00	12.62	100.97	342225
7.70	12.68	97.61	342252
8.00	12.66	101.29	342279
7.70	12.59	96.96	342304
7.60	12.58	95.58	342331
7.10	12.60	89.47	342356
7.00	12.63	88.43	342383
6.00	12.67	76.01	342409
5.30	12.72	67.44	342434
4.60	12.72	58.53	342461
3.90	12.71	49.58	342487
3.80	12.66	48.09	342512
3.30	12.64	41.73	342539
3.20	12.65	40.49	342564
3.60	12.66	45.59	342591
3.20	12.72	40.71	342617
3.50	12.74	44.61	342642
3.40	12.75	43.34	342669
3.60	12.72	45.78	342694
3.30	12.69	41.87	342721
3.30	12.67	41.81	342747
3.30	12.65	41.75	342772
3.40	12.67	43.07	342799
3.20	12.70	40.63	342824
3.00	12.72	38.17	342851
2.70	12.76	34.45	342877
2.70	12.75	34.43	342902
2.30	12.74	29.29	342929
2.20	12.68	27.89	342955
2.10	12.67	26.60	342981
1.90	12.67	24.08	343007
2.00	12.72	25.45	343032
1.90	12.75	24.23	343059
1.90	12.77	24.26	343085
1.90	12.77	24.27	343110
2.10	12.73	26.73	343137
1.80	12.70	22.86	343162
2.10	12.68	26.63	343189
1.90	12.68	24.08	343215
1.70	12.69	21.58	343240
1.70	12.72	21.63	343267
1.90	12.75	24.22	343292
2.20	12.77	28.09	343319
2.00	12.75	25.50	343345
1.70	12.74	21.65	343370
1.80	12.68	22.82	343397
1.80	12.67	22.81	343422
1.50	12.68	19.02	343449
1.60	12.74	20.38	343475
1.50	12.76	19.15	343500
1.50	12.78	19.16	343527
1.20	12.78	15.34	343553
1.30	12.74	16.56	343579
1.40	12.71	17.79	343605
1.50	12.69	19.03	343630
1.40	12.69	17.77	343657
1.40	12.71	17.79	343683
1.50	12.73	19.10	343708
1.40	12.78	17.89	343735
1.40	12.78	17.89	343760
1.50	12.76	19.13	343787
1.40	12.74	17.83	343813
1.10	12.68	13.95	343838
1.40	12.68	17.75	343865
1.60	12.69	20.30	343890
1.40	12.75	17.85	343917
1.40	12.77	17.88	343943
1.50	12.78	19.17	343968
1.50	12.76	19.13	343995
1.40	12.73	17.82	344020
1.40	12.71	17.79	344047
1.60	12.69	20.30	344073
1.50	12.70	19.04	344098
1.70	12.72	21.62	344125
1.40	12.74	17.84	344151
1.60	12.78	20.45	344176
1.70	12.77	21.71	344203
1.90	12.76	24.24	344228
1.70	12.69	21.57	344255
1.90	12.67	24.08	344281
2.10	12.67	26.61	344306
2.10	12.68	26.64	344333
2.00	12.74	25.48	344358
2.30	12.76	29.35	344385
2.00	12.77	25.54	344411
2.20	12.74	28.03	344436
2.10	12.72	26.70	344463
2.30	12.69	29.18	344488
2.40	12.66	30.39	344515
2.60	12.68	32.98	344541
2.30	12.70	29.22	344566
2.00	12.76	25.53	344593
2.30	12.77	29.37	344619
2.20	12.76	28.07	344645
2.30	12.74	29.30	344671
2.20	12.68	27.90	344696
2.10	12.67	26.60	344723
2.30	12.67	29.14	344749
2.10	12.72	26.71	344774
2.20	12.74	28.03	344801
2.20	12.76	28.07	344826
2.60	12.76	33.19	344853
2.60	12.72	33.08	344879
3.00	12.69	38.08	344904
3.40	12.66	43.06	344931
3.30	12.65	41.75	344956
3.60	12.67	45.61	344983
3.80	12.69	48.23	345009
3.60	12.74	45.87	345034
3.90	12.74	49.69	345061
4.10	12.73	52.19	345086
4.20	12.70	53.36	345113
4.10	12.64	51.83	345139
4.30	12.63	54.32	345164
4.60	12.64	58.13	345191
4.70	12.69	59.64	345217
5.00	12.71	63.54	345243
5.20	12.72	66.15	345269
5.60	12.69	71.08	345294
6.40	12.66	81.03	345321
7.10	12.62	89.58	345347
7.90	12.58	99.39	345372
8.10	12.57	101.84	345400
8.00	12.64	101.09	345426
8.20	12.67	103.92	345454
7.90	12.59	99.45	345480
7.90	12.57	99.29	345505
8.40	12.56	105.51	345533
8.40	12.64	106.22	345560
8.30	12.67	105.15	345587
8.00	12.62	100.97	345614
8.20	12.56	103.03	345640
8.00	12.63	101.06	345668
7.90	12.67	100.12	345695
8.50	12.62	107.31	345722
10.20	12.53	127.76	345750
13.30	12.57	167.12	345779
18.00	12.46	224.24	345806
28.70	12.17	349.42	345834
40.00	11.98	479.36	345863
40.40	11.88	479.95	345890
41.60	11.85	492.88	345919
40.90	11.93	488.02	345947
41.10	11.75	483.01	345975
41.40	11.91	493.16	346003
40.80	11.88	484.54	346031
41.00	11.74	481.34	346059
41.40	11.94	494.32	346087
40.90	11.81	482.95	346116
41.20	11.77	485.01	346143
41.10	11.93	490.25	346171
40.80	11.75	479.32	346200
41.50	11.84	491.37	346227
40.90	11.93	488.02	346256
41.00	11.74	481.51	346284
41.40	11.91	493.16	346312
40.70	11.88	483.68	346340
41.30	11.78	486.52	346368
41.40	11.94	494.49	346396
40.90	11.82	483.28	346424
39.50	11.90	469.89	346452
37.10	12.01	445.49	346480
17.50	12.39	216.75	346509
11.20	12.60	141.09	346536
8.50	12.63	107.35	346563
6.70	12.59	84.37	346590
5.80	12.61	73.15	346615
5.20	12.65	65.77	346642
4.60	12.68	58.33	346668
4.30	12.73	54.75	346693
4.00	12.74	50.95	346720
3.60	12.72	45.79	346745
3.20	12.70	40.65	346771
3.30	12.65	41.75	346798
3.10	12.65	39.21	346823
3.00	12.66	37.97	346850
3.30	12.72	41.96	346875
3.20	12.74	40.77	346901
3.00	12.75	38.26	346928
3.20	12.72	40.72	346953
3.10	12.70	39.36	346980
2.90	12.67	36.75	347005
3.10	12.66	39.23	347031
3.00	12.67	38.00	347058
3.20	12.69	40.60	347083
3.00	12.72	38.15	347110
2.70	12.75	34.43	347136
3.00	12.74	38.23	347161
2.80	12.73	35.64	347188
2.60	12.70	33.03	347213
2.60	12.66	32.91	347240
2.70	12.66	34.17	347266
2.70	12.67	34.22	347291
2.30	12.74	29.29	347318
2.20	12.76	28.06	347343
2.10	12.76	26.80	347369
2.10	12.73	26.74	347396
2.00	12.70	25.41	347421
1.80	12.68	22.83	347448
1.80	12.67	22.81	347473
1.70	12.69	21.58	347499
1.70	12.72	21.62	347526
1.60	12.74	20.39	347551
1.60	12.77	20.43	347578
1.60	12.76	20.42	347603
1.50	12.74	19.11	347629
1.20	12.68	15.22	347656
1.30	12.67	16.47	347681
1.40	12.68	17.75	347708
1.40	12.70	17.77	347734
1.50	12.76	19.13	347759
1.40	12.77	17.88	347786
1.20	12.77	15.32	347811
1.40	12.73	17.82	347837
1.30	12.70	16.52	347864
1.60	12.68	20.29	347889
1.40	12.67	17.74	347916
1.60	12.70	20.32	347941
1.70	12.73	21.64	347967
1.50	12.75	19.13	347994
1.40	12.76	17.87	348019