0.12    77.70
0.12    75.80
0.12    76.50
0.12    77.70
0.12    75.80
0.12    76.70
0.12    77.50
0.12    78.50
0.12    76.80
0.12    77.60
0.12    78.60
0.12    76.70
0.12    77.90
0.12    78.70
0.12    76.80
0.12    77.90
0.12    78.50
11.72   41.10
11.54   41.00
11.63   41.20
11.72   41.10
11.52   40.80
11.69   41.50
11.67   41.00
11.56   41.10
11.72   41.40
11.60   40.60
11.63   41.30
11.72   41.10
11.54   40.60
11.68   41.30
11.67   40.70
11.52   40.70
11.68   41.40
11.60   40.40
11.56   41.20
11.73   41.60
11.54   40.70
11.62   41.20
11.72   41.20
11.52   41.20
11.69   41.40
11.66   40.80
11.56   41.00
11.72   41.40
11.59   40.80
11.56   41.50
11.71   41.10
11.53   40.70
11.62   41.30
11.66   40.70
11.52   40.90
11.69   39.60
11.92   27.50
12.24   13.90
12.43   9.00
12.40   6.40
12.40   5.00
12.40   4.30
12.42   3.80
12.47   3.80
12.50   4.00
12.52   3.90
12.50   3.60
12.48   3.70
12.46   3.80
12.43   3.70
12.42   3.60
12.44   3.70
12.47   3.80
12.52   3.40
12.53   3.20
12.52   3.10
12.46   2.90
12.45   2.40
12.44   2.10
12.44   2.00
12.51   2.00
12.53   2.10
12.54   1.90
12.53   1.90
12.50   2.00
12.48   1.60
12.44   1.70
12.46   1.90
12.48   1.90
12.50   1.80
12.55   1.60
12.54   1.80
12.53   1.80
12.47   1.70
12.45   2.00
12.44   1.70
12.49   1.90
12.52   1.70
12.54   1.80
12.55   1.60
12.52   1.30
12.50   1.60
12.48   1.40
12.46   1.60
12.47   1.40
12.49   1.30
12.51   1.40
12.55   1.40
12.55   1.50
12.53   1.60
12.47   1.20
12.46   1.30
12.45   1.30
12.50   1.50
12.52   1.40
12.54   1.60
12.54   1.50
12.52   1.40
12.50   1.30
12.47   1.50
12.45   1.30
12.47   1.40
12.49   1.40
12.54   1.50
12.55   1.70
12.54   1.70
12.48   1.70
12.46   1.80
12.45   1.50
12.45   1.70
12.50   2.00
12.52   1.50
12.54   1.60
12.54   1.90
12.52   1.60
12.50   1.50
12.45   1.80
12.45   1.70
12.46   1.80
12.49   1.70
12.54   1.70
12.54   2.20
12.54   2.30
12.48   2.20
12.45   2.60
12.44   2.40
12.47   2.50
12.49   2.20
12.52   2.30
12.54   2.40
12.53   2.40
12.51   2.20
12.48   2.20
12.44   2.30
12.44   2.30
12.46   2.30
12.52   2.40
12.53   2.80
12.53   3.20
12.52   2.90
12.45   3.20
12.42   3.50
12.41   3.60
12.45   3.50
12.48   3.80
12.50   3.60
12.51   3.60
12.50   3.70
12.48   3.50
12.45   3.40
12.41   3.80
12.42   3.70
12.44   3.70
12.51   3.40
12.52   3.60
12.52   3.50
12.50   3.50
12.44   3.60
12.42   3.60
12.40   4.30
12.43   5.10
12.44   5.70
12.46   7.00
12.45   7.90
12.41   8.80
12.33   9.60
12.32   9.20
12.41   9.30
12.42   9.50
12.34   9.40
12.34   9.20
12.40   9.50
12.42   9.00
12.33   9.50
12.32   9.50
12.39   9.20
12.42   9.10
12.32   10.50
12.23   15.20
11.84   38.10
11.53   40.40
11.65   41.40
11.72   40.50
11.53   40.70
11.71   41.10
11.66   40.40
11.58   41.00
11.73   41.00
11.58   40.30
11.65   41.30
11.71   40.60
11.59   39.00
12.28   16.30
12.38   8.70
12.37   6.60
12.38   5.50
12.44   5.10
12.46   4.60
12.49   4.90
12.49   5.00
12.47   4.80
12.45   4.90
12.40   5.10
12.39   4.80
12.41   4.80
12.43   4.50
12.50   4.70
12.50   4.60
12.50   4.00
12.45   3.70
12.44   3.30
12.42   3.20
12.43   2.60
12.48   2.60
12.50   2.90
12.52   2.80
12.52   2.50
12.50   2.30
12.48   2.60
12.43   2.60
12.43   2.60
12.45   2.70
12.48   2.90
12.53   2.60
12.53   2.40
12.52   2.40
12.47   2.20
12.45   2.20
12.44   1.90
12.44   1.80
12.50   1.80
12.52   1.70
12.54   1.70
12.53   1.70
12.51   1.60
12.48   1.80
12.44   1.70
12.46   1.80
12.47   1.90
12.49   1.60
12.54   1.50
12.54   1.50
12.54   1.50
12.47   1.20
12.45   1.40
12.44   1.50
12.48   1.50
12.51   1.50
12.53   1.80
12.54   1.40
12.53   1.50
12.50   1.40
12.48   1.50
12.44   1.10
12.46   1.60
12.48   1.10
12.50   1.50
12.55   1.40
12.54   1.40
12.53   1.50
12.47   1.40
12.45   1.50
12.45   1.30
12.49   1.10
12.51   1.50
12.54   1.50
12.55   1.30
12.52   1.80
12.50   1.40
12.47   1.40
12.44   1.60
12.46   1.40
12.48   1.10
12.54   1.50
12.55   1.50
12.54   1.60
12.53   1.40
12.45   1.30
12.43   1.30
12.42   1.40
12.46   1.70
12.49   1.60
12.51   1.70
12.51   1.70
12.48   1.80
12.46   1.90
12.43   1.90
12.41   1.90
12.42   1.80
12.44   2.00
12.50   2.20
12.50   2.40
12.50   2.70
12.44   2.30
12.41   2.30
12.40   2.50
12.40   2.80
12.44   2.70
12.46   2.70
12.48   2.70
12.48   3.20
12.45   3.30
12.43   3.50
12.37   3.70
12.37   4.20
12.38   4.90
12.39   5.20
12.44   6.00
12.43   6.70
12.41   7.40
12.35   7.40
12.32   7.60
12.30   7.30
12.30   7.50
12.36   7.50
12.39   7.70
12.41   7.50
12.40   7.40
12.37   7.60
12.35   7.50
12.30   7.50
12.31   7.70
12.33   7.40
12.35   7.90
12.37   9.80
12.27   14.50
11.88   29.10
11.70   40.60
11.57   40.00
11.49   40.50
11.67   40.60
11.50   39.90
11.54   40.50
11.63   40.40
11.47   40.20
11.62   41.00
11.56   40.30
11.48   40.70
11.66   40.70
11.56   40.00
11.55   41.00
11.67   40.50
11.49   40.40
11.62   40.90
11.63   40.30
11.46   40.20
11.66   40.80
11.56   40.10
11.52   39.60
12.13   22.00
12.18   15.00
12.28   11.00
12.36   9.00
12.32   8.10
12.32   6.90
12.35   6.50
12.38   5.90
12.42   5.30
12.45   4.70
12.46   4.10
12.44   4.20
12.41   4.10
12.37   4.20
12.37   4.00
12.38   4.10
12.41   3.90
12.47   4.10
12.48   4.00
12.46   3.90
12.41   3.80
12.38   3.90
12.37   4.00
12.40   3.80
12.43   3.80
12.46   3.30
12.48   2.80
12.48   2.90
12.46   2.60
12.43   2.30
12.40   2.20
12.40   2.00
12.42   2.20
12.45   2.00
12.50   2.10
12.50   1.90
12.48   2.20
12.42   1.90
12.40   2.30
12.40   2.00
12.40   2.20
12.46   2.10
12.48   2.00
12.50   2.10
12.48   2.10
12.46   2.00
12.43   2.00
12.40   2.10
12.41   2.10
12.43   1.70
12.46   1.80
12.50   1.90
12.49   2.10
12.48   1.80
12.42   1.80
12.40   2.00
12.40   1.80
12.41   2.00
12.47   1.90
12.49   1.80
12.50   1.90
12.47   2.00
12.44   1.70
12.42   1.70
12.40   1.90
12.42   1.90
12.44   1.90
12.47   2.10
12.50   1.90
12.49   1.80
12.47   1.80
12.44   1.60
12.40   1.70
12.40   1.40
12.42   1.70
12.48   1.70
12.50   1.60
12.50   1.60
12.46   1.60
12.44   1.60
12.41   1.50
12.40   1.50
12.43   1.20
12.46   1.60
12.48   1.40
12.50   1.60
12.49   1.50
12.46   1.30
12.44   1.70
12.40   1.50
12.40   1.40
12.42   1.40
12.48   1.30
12.50   1.60
12.50   1.60
12.46   1.30
12.44   1.30
12.42   1.30
12.42   1.50
12.45   1.50
12.48   1.40
12.50   1.60
12.52   1.40
12.51   1.40
12.49   1.40
12.43   1.50
12.42   1.60
12.43   1.70
12.49   1.60
12.51   1.60
12.52   1.40
12.52   1.40
12.48   1.30
12.46   1.50
12.44   1.30
12.44   1.40
12.46   1.40
12.48   1.00
12.52   1.40
12.52   1.50
12.51   1.50
12.45   1.70
12.43   1.30
12.42   1.30
12.43   1.40
12.49   1.30
12.51   1.40
12.52   1.60
12.50   1.50
12.48   1.50
12.45   1.60
12.42   1.30
12.44   1.40
12.46   1.50
12.48   1.40
12.52   1.40
12.52   1.50
12.50   1.40
12.44   1.60
12.42   1.60
12.42   1.40
12.46   1.50
12.48   1.20
12.51   1.50
12.52   1.50
12.50   1.40
12.47   1.30
12.44   1.40
12.42   1.50
12.43   1.40
12.45   1.30
12.51   1.50
12.52   1.40
12.52   1.30
12.47   1.50
12.44   1.20
12.42   1.30
12.42   1.50
12.46   1.30
12.49   1.50
12.51   1.30
12.51   1.40
12.49   1.50
12.47   1.50
12.42   1.30
12.42   1.30
12.43   1.50
12.49   1.30
12.51   1.50
12.52   1.40
12.52   1.30
12.46   1.50
12.44   1.30
12.42   1.30
12.44   1.30
12.46   1.50
12.49   1.30
12.52   1.40
12.52   1.40
12.49   1.50
12.47   1.60
12.42   1.50
12.42   1.10
12.44   1.50
12.50   1.30
12.52   1.80
12.52   1.60
12.49   1.50
12.46   1.30
12.44   1.30
12.42   1.60
12.44   1.10
12.47   1.50
12.49   1.50
12.52   1.50
12.51   1.20
12.49   1.40
12.43   1.50
12.42   1.40
12.42   1.50
12.44   1.40
12.50   1.50
12.52   1.50
12.52   1.40
12.48   1.30
12.45   1.40
12.43   1.50
12.42   1.30
12.45   1.30
12.47   1.50
12.50   1.50
12.52   1.50
12.50   1.40
12.48   1.50
12.42   1.50
12.42   1.70
12.42   1.40
12.44   1.50
12.50   1.40
12.52   1.50
12.52   1.80
12.46   1.10
12.44   1.40
12.42   1.50
12.44   1.80
12.46   1.60
12.48   1.70