0.12    75.60
0.12    76.20
0.12    75.10
0.12    75.30
0.12    76.00
0.12    75.10
0.12    75.60
0.12    76.00
0.13    76.60
0.12    75.30
0.12    74.90
0.12    75.00
0.11    75.10
0.11    75.20
0.12    75.00
0.12    75.50
0.12    74.90
11.34   39.80
11.30   40.30
11.46   40.00
11.28   40.00
11.36   40.50
11.41   40.00
11.26   40.10
11.42   40.60
11.34   39.90
11.30   40.20
11.46   40.40
11.35   40.00
11.36   40.30
11.46   40.30
11.29   40.40
11.43   40.60
11.42   39.80
11.27   40.00
11.46   40.30
11.34   39.90
11.30   40.50
11.46   40.30
11.28   40.00
11.36   40.70
11.41   40.00
11.27   40.30
11.43   40.40
11.34   39.70
11.30   40.50
11.46   40.60
11.28   40.10
11.36   40.50
11.46   40.30
11.33   38.50
11.51   37.60
11.93   18.80
11.97   13.60
12.13   10.60
12.09   8.50
12.06   7.40
12.12   6.90
12.15   6.60
12.17   6.90
12.18   6.90
12.16   6.50
12.14   6.90
12.08   6.60
12.08   6.80
12.10   6.50
12.12   7.00
12.19   6.60
12.20   6.00
12.20   5.50
12.15   4.80
12.13   4.60
12.12   4.20
12.13   4.00
12.19   3.60
12.22   3.30
12.24   3.10
12.25   3.00
12.21   2.50
12.19   2.50
12.16   2.20
12.17   2.10
12.20   2.40
12.22   2.10
12.25   1.80
12.26   2.20
12.24   2.00
12.22   1.80
12.19   1.50
12.16   2.00
12.18   2.10
12.21   2.00
12.26   2.10
12.27   2.10
12.26   1.90
12.24   1.80
12.17   1.80
12.16   2.10
12.17   2.10
12.19   1.80
12.25   1.70
12.27   1.70
12.27   1.70
12.22   1.80
12.19   1.50
12.18   1.30
12.17   1.40
12.22   1.40
12.24   1.30
12.26   1.40
12.28   1.30
12.24   1.10
12.22   1.40
12.19   1.60
12.17   1.40
12.20   1.30
12.22   1.40
12.25   1.40
12.27   1.40
12.26   1.40
12.23   1.40
12.20   1.50
12.17   1.40
12.18   1.40
12.21   1.50
12.23   1.60
12.27   1.00
12.27   1.50
12.25   1.20
12.22   1.50
12.16   1.40
12.17   1.50
12.19   1.60
12.25   1.60
12.26   1.90
12.26   1.60
12.26   1.80
12.19   2.00
12.17   2.00
12.16   1.90
12.16   2.30
12.23   2.20
12.25   2.10
12.26   2.20
12.26   2.10
12.20   2.10
12.18   2.10
12.16   1.90
12.16   2.00
12.22   2.00
12.24   2.10
12.26   2.30
12.26   2.10
12.22   2.30
12.18   2.10
12.16   2.70
12.14   2.80
12.18   3.00
12.21   3.30
12.23   3.70
12.24   3.80
12.19   4.20
12.16   4.60
12.13   4.70
12.11   5.10
12.13   5.40
12.15   6.00
12.17   6.80
12.17   7.90
12.13   8.90
12.03   10.10
12.03   12.30
12.05   15.00
11.85   18.40
11.87   22.80
11.50   36.80
11.31   38.80
11.50   39.00
11.36   38.70
11.35   39.30
11.48   38.90
11.31   38.90
11.41   39.40
11.47   39.30
11.30   39.20
11.48   39.50
11.42   38.80
11.37   39.00
11.50   38.90
11.32   39.70
11.34   40.50
11.44   40.10
11.28   39.80
11.41   40.20
11.36   39.50
11.29   40.00
11.46   40.20
11.30   39.80
11.36   40.10
11.46   40.00
11.29   39.70
11.43   40.30
11.41   39.70
11.27   39.90
11.47   40.40
11.34   39.80
11.30   40.10
11.47   40.00
11.28   39.80
11.38   40.50
11.46   39.80
11.27   40.10
11.44   40.20
11.40   39.80
11.32   40.40
11.52   38.50
11.39   36.90
11.81   20.00
12.03   14.50
12.01   10.50
12.11   8.70
12.16   7.30
12.16   6.10
12.14   5.50
12.12   5.20
12.12   4.70
12.15   4.30
12.18   4.20
12.23   3.80
12.23   3.80
12.22   3.70
12.19   3.20
12.14   3.50
12.14   3.20
12.15   3.10
12.18   3.10
12.24   3.40
12.24   2.90
12.24   3.10
12.18   3.20
12.15   3.00
12.14   3.10
12.14   3.10
12.20   3.20
12.22   3.40
12.24   3.10
12.23   2.70
12.20   3.00
12.18   3.10
12.16   2.70
12.16   2.60
12.18   2.40
12.21   2.30
12.26   2.00
12.26   2.00
12.24   2.00
12.22   2.00
12.16   1.90
12.16   1.80
12.17   1.70
12.24   1.60
12.26   1.60
12.27   1.60
12.26   1.70
12.21   1.50
12.18   1.60
12.16   1.50
12.19   1.30
12.21   1.20
12.24   1.50
12.26   1.50
12.26   1.40
12.24   1.50
12.20   1.40
12.17   1.60
12.17   1.50
12.19   1.40
12.22   1.50
12.26   1.30
12.26   1.80
12.26   1.50
12.19   1.30
12.17   1.40
12.16   1.40
12.17   1.40
12.23   1.50
12.26   1.40
12.27   1.50
12.24   1.10
12.21   1.30
12.19   1.40
12.17   1.50
12.18   1.30
12.21   1.50
12.24   1.30
12.27   1.50
12.26   1.60
12.24   1.40
12.21   1.30
12.16   1.50
12.17   1.20
12.18   1.40
12.25   1.30
12.26   1.40
12.27   1.30
12.26   1.20
12.19   1.50
12.17   1.40
12.16   1.60
12.20   1.40
12.23   1.80
12.25   1.60
12.26   1.70
12.24   1.40
12.21   1.50
12.18   1.50
12.16   1.70
12.18   1.70
12.20   1.40
12.23   1.30
12.26   1.60
12.25   1.60
12.23   1.70
12.16   1.80
12.15   2.00
12.16   2.10
12.18   2.10
12.24   2.30
12.25   2.20
12.26   2.00
12.24   2.30
12.18   2.10
12.16   2.40
12.14   2.20
12.19   2.20
12.22   2.00
12.24   2.20
12.25   2.10
12.22   2.20
12.20   2.40
12.17   2.50
12.14   2.60
12.16   2.70
12.18   2.50
12.21   3.20
12.24   3.50
12.22   3.80
12.20   3.80
12.13   3.80
12.12   4.00
12.12   4.00
12.14   4.20
12.20   4.60
12.21   4.90
12.20   5.20
12.18   5.40
12.10   6.00