0.12    81.80
0.12    83.30
0.12    84.80
0.13    82.30
0.13    80.10
0.12    78.80
0.13    79.30
0.12    77.00
0.12    76.90
0.12    77.30
0.12    76.70
0.12    76.80
0.12    77.00
0.12    77.80
0.12    76.70
0.12    76.90
0.12    77.10
0.13    77.70
0.12    77.00
0.12    77.20
0.13    77.70
0.12    76.70
0.12    76.90
0.13    77.40
0.12    78.00
0.12    76.90
0.12    77.30
0.12    78.20
0.12    76.90
0.12    77.30
0.12    77.80
0.12    78.80
0.12    77.20
0.12    77.80
0.13    78.50
0.12    77.20
0.12    76.90
0.12    76.90
0.12    77.50
11.19   39.60
11.21   40.10
11.34   39.90
11.16   39.50
11.28   40.10
11.31   39.40
11.16   39.80
11.33   40.00
11.24   38.90
11.16   40.10
11.34   39.70
11.17   39.40
11.22   40.20
11.29   39.50
11.14   39.50
11.29   40.00
11.22   39.30
11.18   39.80
11.34   40.10
11.16   39.60
11.24   40.30
11.33   39.60
11.15   39.90
11.31   40.50
11.28   39.50
11.20   39.70
11.34   40.00
11.20   39.50
11.26   40.00
11.32   39.50
11.15   39.40
11.26   40.00
11.26   39.70
11.15   39.80
11.32   40.00
11.19   39.40
11.20   40.00
11.34   40.00
11.14   39.50
11.27   40.00
11.31   39.70
11.16   39.60
11.33   40.00
11.24   39.30
11.22   39.90
11.34   40.10
11.18   39.70
11.29   40.20
11.30   39.70
11.14   39.70
11.29   40.00
11.23   39.40
11.18   39.90
11.34   39.80
11.16   39.60
11.24   40.10
11.33   39.80
11.14   39.60
11.30   40.30
11.28   39.60
11.19   40.00
11.34   39.80
11.20   39.70
11.25   40.40
11.32   39.50
11.15   39.50
11.32   40.00
11.26   39.70
11.15   39.70
11.34   40.00
11.19   39.20
11.20   40.00
11.34   39.70
11.14   39.50
11.27   40.30
11.34   37.30
11.69   18.10
11.91   13.30
11.91   10.10
11.93   8.70
12.00   7.70
12.02   6.80
12.00   6.00
11.98   5.30
11.96   4.90
11.95   4.30
12.00   4.10
12.03   3.90
12.06   3.20
12.08   2.90
12.07   2.90
12.04   2.40
12.00   2.30
11.99   2.30
12.01   2.10
12.03   2.00
12.09   2.30
12.10   2.20
12.09   2.10
12.03   2.10
12.01   2.20
12.00   2.00
11.99   2.20
12.05   2.30
12.08   2.10
12.10   1.90
12.08   1.90
12.06   1.90
12.03   1.80
12.01   1.70
12.01   2.00
12.04   1.60
12.07   1.70
12.10   1.80
12.10   1.80
12.08   1.60
12.02   1.50
12.01   1.60
12.01   1.40
12.02   1.70
12.09   1.50
12.11   1.70
12.11   1.50
12.07   1.60
12.04   1.30
12.02   1.40
12.00   1.20
12.04   1.30
12.07   1.20
12.10   1.10
12.11   1.30
12.08   1.30
12.06   1.30
12.01   1.10
12.00   1.40
12.02   1.10
12.05   1.60
12.11   1.40
12.11   1.70
12.10   1.30
12.04   1.20
12.02   1.00
12.01   1.50
12.01   1.50
12.07   1.40
12.09   1.50
12.11   1.20
12.09   1.50
12.06   1.40
12.03   1.40
12.01   1.20
12.02   1.40
12.05   1.40
12.08   1.40
12.11   1.30
12.10   1.30
12.08   1.50
12.02   1.60
12.01   1.50
12.01   1.10
12.03   1.40
12.09   1.30
12.10   1.10
12.11   1.50
12.06   1.70
12.04   1.30
12.02   1.50
12.01   1.40
12.05   1.10
12.08   1.70
12.10   1.40
12.10   1.50
12.08   1.30
12.06   1.30
12.01   1.40
12.01   1.40
12.03   1.20
12.05   1.40
12.11   1.40
12.11   1.20
12.10   1.60
12.04   1.20
12.01   1.40
12.01   1.40
12.02   1.50
12.07   1.60
12.10   1.50
12.10   1.90
12.08   1.60
12.05   2.00
12.02   1.80
12.00   1.70
12.02   2.00
12.04   2.20
12.07   2.20
12.10   2.30
12.08   2.20
12.06   2.30
11.99   2.60
11.98   2.90
11.99   3.40
12.00   3.40
12.06   3.30
12.08   3.50
12.07   3.90
12.02   3.40
11.99   3.70
11.97   3.60
11.97   3.50
12.02   3.70
12.04   3.40
12.07   3.70
12.06   3.60
12.04   3.50
12.00   3.60
11.98   3.70
11.98   3.90
12.00   3.70
12.03   3.70
12.07   4.00
12.06   3.90
12.04   3.90
12.00   4.60
11.95   5.00
11.94   5.00
11.96   5.60
12.01   6.60
12.01   7.30
12.00   8.70
11.91   10.50
11.85   12.40
11.91   13.80
11.78   15.30
11.79   18.30
11.73   21.80
11.45   28.90
11.41   37.60
11.28   38.30
11.20   38.50
11.38   37.90
11.18   39.30
11.23   39.90
11.30   39.50
11.15   39.50
11.30   39.90
11.22   39.40
11.18   39.70
11.34   39.50
11.16   39.60
11.25   39.80
11.34   39.60
11.15   39.60
11.32   39.80
11.28   39.10
11.20   39.50
11.34   39.90
11.21   39.30
11.27   39.80
11.33   39.60
11.16   39.20
11.32   39.90
11.26   39.00
11.16   39.60
11.32   39.50
11.19   39.30
11.21   39.60
11.34   39.40
11.15   39.30
11.28   39.90
11.31   39.20
11.16   39.40
11.33   39.90
11.25   39.20
11.23   39.80
11.34   39.80
11.18   39.00
11.30   40.00
11.35   37.60
11.18   38.70
11.37   38.80
11.50   28.40
11.65   21.00
11.85   16.20
11.79   13.30
11.87   12.50
11.89   12.60
11.81   12.40
11.91   12.40
11.85   12.60
11.83   12.50
11.93   11.80
11.82   11.70
11.90   10.40
11.96   10.10
11.88   8.80
11.96   7.70
12.00   6.80
12.03   5.70
12.03   5.20
12.01   4.40
11.99   4.00
11.97   3.60
11.98   3.10
12.01   3.00
12.08   3.00
12.08   3.00
12.08   2.90
12.06   2.60
12.00   2.90
11.98   2.60
11.98   2.90
12.03   2.90
12.06   2.60
12.08   3.00
12.07   3.00
12.04   2.60
12.02   2.90
11.99   2.60
11.99   2.40
12.01   2.00
12.04   2.20
12.09   2.10
12.09   2.10
12.08   1.90
12.01   1.90
12.00   1.80
12.00   1.90
12.01   1.60
12.07   1.80
12.09   1.60