0.12    75.30
0.12    76.10
0.11    77.70
0.12    79.90
0.12    81.30
0.12    81.90
0.12    77.90
0.12    76.40
0.11    76.10
0.11    78.00
0.11    80.20
0.12    84.20
0.13    82.50
0.12    78.00
0.12    76.80
0.12    78.60
0.12    80.60
0.12    82.60
0.12    84.40
0.12    80.90
0.12    76.90
0.12    78.40
0.12    80.50
0.12    82.50
0.12    84.60
0.12    83.60
0.12    79.30
0.12    77.50
0.11    78.00
0.11    79.30
0.18    81.10
11.94   1.30
11.93   1.40
11.87   1.40
11.86   1.20
11.92   1.50
11.94   1.10
11.88   1.30
11.85   1.10
11.91   1.30
11.94   1.50
11.86   1.40
11.84   1.60
11.90   1.30
11.94   1.40
11.87   1.30
11.84   1.40
11.92   1.40
11.94   1.00
11.89   1.40
11.85   1.30
11.90   1.30
11.94   1.30
11.91   1.20
11.84   1.50
11.88   1.40
11.94   1.40
11.88   1.60
11.84   1.40
11.87   1.20
11.94   1.50
11.90   1.30
11.84   1.40
11.90   1.20
11.94   1.30
11.92   1.20
11.84   1.50
11.88   1.00
11.94   1.50
11.94   1.50
11.85   1.40
11.86   1.30
11.93   1.60
11.91   1.30
11.85   1.20
11.85   1.30
11.94   1.30
11.93   1.40
11.87   1.50
11.88   1.40
11.94   0.90
11.94   1.30
11.85   1.30
11.86   1.40
11.92   1.20
11.94   1.30
11.86   1.40
11.85   1.50
11.90   1.30
11.94   1.50
11.88   1.30
11.84   1.30
11.92   1.50
11.94   1.70
11.89   1.30
11.85   1.60
11.91   1.60
11.95   1.30
11.87   1.40
11.84   1.50
11.90   1.50
11.94   1.10
11.88   1.50
11.84   1.40
11.88   1.40
11.94   1.60
11.90   1.60
11.84   1.50
11.90   1.40
11.94   1.40
11.91   1.60
11.83   1.50
11.88   1.60
11.94   1.60
11.89   2.00
11.84   1.60
11.86   1.90
11.92   1.80
11.90   1.80
11.84   1.70
11.84   1.80
11.93   1.80
11.91   2.00
11.85   1.90
11.86   2.10
11.92   2.00
11.93   2.10
11.84   2.10
11.85   2.00
11.92   1.80
11.91   2.20
11.85   1.90
11.84   2.00
11.90   2.30
11.92   1.80
11.86   2.10
11.83   2.20
11.91   2.30
11.93   2.00
11.87   2.40
11.83   2.60
11.89   2.70
11.92   2.90
11.84   2.40
11.81   3.30
11.86   3.40
11.91   3.60
11.84   3.90
11.79   4.00
11.83   4.30
11.89   4.80
11.84   5.10
11.77   5.60
11.82   6.50
11.85   7.20
11.80   8.20
11.69   10.20
11.80   10.70
11.69   10.30
11.80   10.30
11.68   10.20
11.79   10.10
11.68   10.20
11.80   9.80
11.74   9.80
11.73   9.90
11.81   9.70
11.71   9.90
11.77   10.10
11.74   10.00
11.74   9.90
11.77   10.00
11.71   9.90
11.80   10.40
11.65   12.20
11.71   15.60
11.43   23.50
11.23   36.70
11.01   38.20
11.19   38.70
11.01   38.20
11.20   38.30
11.03   38.10
11.20   38.60
11.02   38.10
11.18   38.60
11.01   38.20
11.19   38.90
11.04   37.80
11.20   38.70
11.03   38.00
11.17   38.40
11.02   38.20
11.18   38.80
11.06   38.00
11.19   38.80
11.05   38.10
11.15   38.60
11.04   38.20
11.16   38.70
11.09   38.10
11.18   38.60
11.07   38.00
11.17   36.80
11.14   35.30
11.18   36.90
11.13   37.20
11.21   36.40
11.51   21.20
11.63   15.40
11.69   11.40
11.76   9.00
11.83   8.30
11.74   6.70
11.76   6.40
11.85   5.80
11.86   5.30
11.79   5.40
11.78   5.40
11.87   5.20
11.87   5.40
11.80   5.20
11.77   5.40
11.86   5.40
11.88   5.20