75.30	0.12	8.72	1034723
76.10	0.12	9.09	1034749
77.70	0.11	8.67	1034775
79.90	0.12	9.24	1034801
81.30	0.12	9.42	1034827
81.90	0.12	10.18	1034854
77.90	0.12	9.35	1034881
76.40	0.12	9.46	1034906
76.10	0.11	8.49	1034932
78.00	0.11	8.71	1034958
80.20	0.11	8.96	1034984
84.20	0.12	10.12	1035012
82.50	0.13	10.59	1035038
78.00	0.12	9.36	1035064
76.80	0.12	9.51	1035090
78.60	0.12	9.41	1035116
80.60	0.12	9.33	1035143
82.60	0.12	9.58	1035168
84.40	0.12	10.50	1035195
80.90	0.12	10.06	1035223
76.90	0.12	8.91	1035248
78.40	0.12	9.07	1035275
80.50	0.12	9.32	1035300
82.50	0.12	9.57	1035326
84.60	0.12	9.85	1035353
83.60	0.12	10.40	1035379
79.30	0.12	9.53	1035406
77.50	0.12	9.30	1035431
78.00	0.11	8.40	1035457
79.30	0.11	8.54	1035484
81.10	0.18	14.26	1035510
1.30	11.94	15.52	1035538
1.40	11.93	16.70	1035565
1.40	11.87	16.62	1035591
1.20	11.86	14.23	1035619
1.50	11.92	17.89	1035645
1.10	11.94	13.13	1035673
1.30	11.88	15.45	1035700
1.10	11.85	13.04	1035726
1.30	11.91	15.49	1035754
1.50	11.94	17.92	1035781
1.40	11.86	16.60	1035808
1.60	11.84	18.95	1035835
1.30	11.90	15.46	1035862
1.40	11.94	16.72	1035889
1.30	11.87	15.43	1035916
1.40	11.84	16.58	1035943
1.40	11.92	16.69	1035970
1.00	11.94	11.94	1035997
1.40	11.89	16.65	1036024
1.30	11.85	15.40	1036051
1.30	11.90	15.48	1036079
1.30	11.94	15.53	1036105
1.20	11.91	14.29	1036132
1.50	11.84	17.75	1036160
1.40	11.88	16.64	1036186
1.40	11.94	16.72	1036214
1.60	11.88	19.01	1036240
1.40	11.84	16.57	1036267
1.20	11.87	14.25	1036295
1.50	11.94	17.91	1036321
1.30	11.90	15.48	1036349
1.40	11.84	16.58	1036376
1.20	11.90	14.28	1036403
1.30	11.94	15.53	1036430
1.20	11.92	14.30	1036456
1.50	11.84	17.76	1036484
1.00	11.88	11.88	1036511
1.50	11.94	17.91	1036538
1.50	11.94	17.90	1036565
1.40	11.85	16.59	1036592
1.30	11.86	15.42	1036619
1.60	11.93	19.09	1036646
1.30	11.91	15.49	1036674
1.20	11.85	14.22	1036700
1.30	11.85	15.41	1036727
1.30	11.94	15.52	1036754
1.40	11.93	16.70	1036781
1.50	11.87	17.80	1036809
1.40	11.88	16.63	1036835
0.90	11.94	10.74	1036862
1.30	11.94	15.52	1036890
1.30	11.85	15.40	1036916
1.40	11.86	16.60	1036944
1.20	11.92	14.30	1036971
1.30	11.94	15.53	1036997
1.40	11.86	16.61	1037025
1.50	11.85	17.77	1037051
1.30	11.90	15.48	1037079
1.50	11.94	17.90	1037106
1.30	11.88	15.44	1037132
1.30	11.84	15.39	1037160
1.50	11.92	17.89	1037187
1.70	11.94	20.31	1037214
1.30	11.89	15.46	1037241
1.60	11.85	18.96	1037268
1.60	11.91	19.05	1037295
1.30	11.95	15.53	1037322
1.40	11.87	16.62	1037349
1.50	11.84	17.76	1037376
1.50	11.90	17.84	1037404
1.10	11.94	13.13	1037430
1.50	11.88	17.82	1037457
1.40	11.84	16.58	1037485
1.40	11.88	16.63	1037511
1.60	11.94	19.10	1037539
1.60	11.90	19.03	1037565
1.50	11.84	17.77	1037592
1.40	11.90	16.65	1037620
1.40	11.94	16.72	1037646
1.60	11.91	19.06	1037674
1.50	11.83	17.75	1037701
1.60	11.88	19.00	1037727
1.60	11.94	19.10	1037755
2.00	11.89	23.78	1037782
1.60	11.84	18.94	1037809
1.90	11.86	22.53	1037836
1.80	11.92	21.46	1037862
1.80	11.90	21.43	1037890
1.70	11.84	20.13	1037917
1.80	11.84	21.32	1037944
1.80	11.93	21.48	1037971
2.00	11.91	23.82	1037998
1.90	11.85	22.52	1038025
2.10	11.86	24.91	1038052
2.00	11.92	23.85	1038080
2.10	11.93	25.05	1038106
2.10	11.84	24.86	1038134
2.00	11.85	23.70	1038160
1.80	11.92	21.45	1038187
2.20	11.91	26.20	1038215
1.90	11.85	22.51	1038241
2.00	11.84	23.67	1038269
2.30	11.90	27.36	1038296
1.80	11.92	21.46	1038322
2.10	11.86	24.90	1038350
2.20	11.83	26.03	1038376
2.30	11.91	27.40	1038404
2.00	11.93	23.86	1038431
2.40	11.87	28.48	1038457
2.60	11.83	30.75	1038485
2.70	11.89	32.10	1038512
2.90	11.92	34.57	1038539
2.40	11.84	28.41	1038566
3.30	11.81	38.97	1038593
3.40	11.86	40.34	1038620
3.60	11.91	42.87	1038647
3.90	11.84	46.19	1038674
4.00	11.79	47.17	1038701
4.30	11.83	50.86	1038728
4.80	11.89	57.08	1038755
5.10	11.84	60.37	1038782
5.60	11.77	65.90	1038810
6.50	11.82	76.86	1038836
7.20	11.85	85.34	1038863
8.20	11.80	96.73	1038891
10.20	11.69	119.19	1038919
10.70	11.80	126.23	1038949
10.30	11.69	120.36	1038978
10.30	11.80	121.51	1039007
10.20	11.68	119.15	1039036
10.10	11.79	119.11	1039066
10.20	11.68	119.19	1039094
9.80	11.80	115.65	1039122
9.80	11.74	115.10	1039151
9.90	11.73	116.16	1039178
9.70	11.81	114.51	1039207
9.90	11.71	115.92	1039235
10.10	11.77	118.91	1039264
10.00	11.74	117.41	1039293
9.90	11.74	116.20	1039321
10.00	11.77	117.69	1039350
9.90	11.71	115.92	1039378
10.40	11.80	122.69	1039408
12.20	11.65	142.12	1039436
15.60	11.71	182.61	1039466
23.50	11.43	268.61	1039495
36.70	11.23	412.20	1039523
38.20	11.01	420.65	1039553
38.70	11.19	433.12	1039582
38.20	11.01	420.65	1039611
38.30	11.20	428.80	1039640
38.10	11.03	420.16	1039670
38.60	11.20	432.31	1039698
38.10	11.02	419.70	1039727
38.60	11.18	431.70	1039757
38.20	11.01	420.65	1039785
38.90	11.19	435.21	1039815
37.80	11.04	417.30	1039844
38.70	11.20	433.28	1039874
38.00	11.03	419.06	1039902
38.40	11.17	428.85	1039932
38.20	11.02	421.11	1039961
38.80	11.18	433.78	1039989
38.00	11.06	420.27	1040019
38.80	11.19	434.24	1040048
38.10	11.05	421.07	1040077
38.60	11.15	430.31	1040106
38.20	11.04	421.72	1040136
38.70	11.16	432.04	1040164
38.10	11.09	422.45	1040193
38.60	11.18	431.39	1040223
38.00	11.07	420.73	1040251
36.80	11.17	410.97	1040281
35.30	11.14	393.08	1040310
36.90	11.18	412.53	1040339
37.20	11.13	414.10	1040368
36.40	11.21	407.96	1040398
21.20	11.51	244.01	1040427
15.40	11.63	179.16	1040455
11.40	11.69	133.30	1040485
9.00	11.76	105.85	1040513
8.30	11.83	98.18	1040540
6.70	11.74	78.69	1040567
6.40	11.76	75.29	1040593
5.80	11.85	68.72	1040621
5.30	11.86	62.84	1040648
5.40	11.79	63.66	1040675
5.40	11.78	63.59	1040702
5.20	11.87	61.74	1040730
5.40	11.87	64.09	1040756
5.20	11.80	61.38	1040783
5.40	11.77	63.57	1040811
5.40	11.86	64.07	1040837
5.20	11.88	61.76	1040865