0.12    77.70
0.12    78.60
0.12    80.90
0.12    84.80
0.12    85.10
0.12    81.60
0.12    77.60
0.11    78.90
0.12    80.70
0.12    83.20
0.12    84.90
0.14    81.70
0.12    77.90
0.12    78.90
0.12    80.50
0.12    82.50
0.12    84.30
0.13    81.70
0.12    77.90
0.12    77.40
0.12    80.60
11.43   19.70
11.55   20.00
11.45   20.00
11.54   19.90
11.42   20.00
11.53   19.90
11.43   19.70
11.55   19.70
11.43   20.00
11.55   19.90
11.41   19.80
11.54   19.60
11.42   19.80
11.55   19.70
11.42   20.10
11.55   19.90
11.42   20.00
11.54   19.80
11.41   19.60
11.55   20.00
11.42   19.60
11.55   20.10
11.41   20.00
11.54   19.70
11.41   19.90
11.55   20.00
11.43   19.70
11.55   19.90
11.42   19.90
11.53   19.80
11.41   19.70
11.54   20.00
11.43   19.80
11.55   19.90
11.43   19.60
11.53   20.10
11.42   19.90
11.53   19.90
11.45   19.80
11.54   20.20
11.44   19.90
11.51   19.90
11.43   19.80
11.52   19.90
11.46   19.80
11.54   19.90
11.45   19.60
11.50   20.10
11.44   19.80
11.51   19.80
11.47   19.80
11.53   20.10
11.46   19.60
11.49   20.00
11.45   19.60
11.50   20.00
11.49   19.60
11.51   20.20
11.47   19.50
11.48   20.10
11.46   19.70
11.49   20.40
11.50   19.70
11.51   19.70
11.49   20.10
11.46   20.10
11.47   19.80
11.47   19.70
11.51   19.90
11.49   20.10
11.49   19.90
11.45   20.00
11.49   19.70
11.46   20.00
11.52   20.00
11.48   19.70
11.51   19.60
11.44   20.20
11.50   19.80
11.45   20.00
11.53   20.00
11.47   20.00
11.52   19.60
11.43   19.90
11.51   19.50
11.44   20.10
11.54   19.80
11.45   20.00
11.53   19.90
11.43   19.70
11.52   19.20
11.43   19.90
11.54   19.60
11.44   20.00
11.54   20.00
11.42   20.00
11.53   20.00
11.43   20.00
11.57   18.40
11.45   18.80
11.56   18.80
11.43   18.80
11.56   18.70
11.42   19.40
11.52   21.50
11.23   29.00
11.15   37.50
10.94   38.20
11.12   38.30
10.94   38.10
11.13   38.70
10.95   38.10
11.13   38.10
10.94   38.10
11.12   38.40
10.94   38.10
11.12   38.50
10.94   38.30
11.13   38.50
10.94   38.10
11.13   38.30
10.94   38.20
11.13   38.40
10.94   38.50
11.13   38.50
10.98   36.80
11.54   20.80
11.54   13.90
11.73   10.00
11.65   7.90
11.71   7.00
11.79   5.90
11.79   5.60
11.70   5.40
11.73   4.90
11.80   4.80
11.79   4.20
11.73   4.10
11.74   3.60
11.81   3.40
11.82   3.20
11.76   3.00
11.74   3.10
11.84   3.00
11.84   2.60
11.77   2.40
11.78   2.20
11.84   2.40
11.86   2.30
11.80   2.20
11.77   2.10
11.84   2.10
11.86   2.30
11.77   2.20
11.76   1.90
11.82   2.10
11.86   2.30
11.78   2.00
11.76   2.00
11.81   2.20
11.85   2.00
11.80   1.90
11.76   2.10
11.84   1.70
11.86   1.90
11.81   1.80
11.76   1.90
11.83   1.80
11.87   1.60
11.83   1.70
11.76   1.50
11.82   1.10
11.87   1.70
11.81   1.30
11.77   1.20
11.80   1.20
11.87   1.40
11.83   1.30
11.77   1.30
11.79   1.50
11.87   1.50
11.84   1.50
11.78   1.30
11.81   1.30
11.87   1.40
11.85   1.40
11.76   1.50
11.80   1.50
11.86   1.30
11.86   1.00
11.77   1.30
11.78   1.30
11.85   1.50
11.84   1.40
11.78   1.10
11.78   1.60
11.87   1.30
11.86   1.40
11.79   1.50
11.80   1.60
11.86   1.30
11.86   1.20
11.80   1.40
11.78   1.10
11.85   1.30
11.87   1.40
11.78   1.50
11.77   1.30
11.83   1.60
11.86   1.60
11.79   1.40
11.76   1.70
11.82   1.80
11.86   1.80
11.79   1.90
11.75   1.90
11.83   1.80
11.86   2.20
11.80   2.40
11.75   2.60
11.81   2.70
11.84   3.10
11.81   3.10
11.74   3.20
11.78   3.50
11.83   3.90
11.76   4.20
11.71   4.70
11.73   5.50
11.80   5.80
11.74   6.30
11.68   6.40
11.69   7.10
11.77   8.10
11.70   9.60
11.58   12.20
11.60   16.30
11.39   21.00
11.16   36.90
10.94   38.00
11.12   38.40
10.94   38.40
11.12   38.20
10.94   38.50
11.12   38.20
10.95   38.20
11.12   38.40
10.94   38.00
11.12   38.40
10.94   38.20
11.12   38.60
10.93   38.10
11.12   38.40
10.94   38.00
11.14   37.80
11.45   17.30
11.72   9.50
11.68   6.50
11.70   5.00
11.78   4.00
11.82   3.40
11.76   3.00
11.74   2.50
11.84   2.20
11.85   2.00
11.80   1.90
11.76   1.60
11.83   1.50
11.86   1.60
11.82   1.70
11.76   1.60
11.82   1.50
11.86   1.60
11.80   1.50
11.76   1.50
11.80   1.40
11.86   1.10
11.82   1.20
11.76   1.50
11.79   1.30
11.87   1.20
11.83   1.30
11.77   1.50
11.81   1.40
11.87   1.30
11.84   1.40
11.76   1.40
11.80   1.50
11.86   1.40
11.82   1.40
11.76   1.30
11.78   1.10
11.86   1.20
11.84   1.40
11.77   1.20
11.77   1.40
11.86   1.30
11.86   1.30
11.78   1.50
11.79   1.60
11.85   1.50
11.86   1.80
11.76   1.70
11.77   1.70
11.83   2.00
11.83   1.80
11.76   2.20
11.75   2.30
11.81   2.50
11.83   3.00
11.76   3.50
11.72   3.80
11.80   4.20
11.81   4.60
11.75   4.90
11.70   5.40
11.76   6.30
11.78   7.20
11.68   8.00
11.64   8.70
11.73   9.20
11.65   9.00
11.65   9.30
11.73   9.70
11.65   9.50
11.69   9.90
11.71   10.00
11.59   11.60
11.65   13.30
11.53   15.20
11.61   16.80
11.47   18.30
11.51   21.70
11.26   28.00
11.14   36.70
10.96   37.30
11.16   36.00
11.00   36.70
11.12   38.10
10.94   38.20
11.11   38.10
10.94   38.00
11.12   38.40
10.95   38.20
11.12   38.40
10.93   38.10
11.12   38.20
10.94   38.40
11.12   38.40
10.94   38.20
11.13   38.50
10.94   37.90
11.12   38.30
10.94   38.10
11.12   38.20
10.94   38.30
11.12   38.30
10.94   38.10
11.12   38.70
10.94   38.00
11.12   38.60
10.96   38.20
11.12   38.60
10.95   38.20
11.10   38.40
10.94   38.10
11.11   38.30
10.96   37.90